32 1 1.000000000
33 1 1.000000000
37 2 1.000000000
38 3 1.000000000
39 3 1.000000000
43 4 1.000000000
44 5 1.000000000
45 5 1.000000000
49 6 1.000000000
50 7 1.000000000
51 7 1.000000000
55 8 1.000000000
56 9 1.000000000
57 9 1.000000000
182 10 1.000000000
188 11 1.000000000
194 12 1.000000000
200 13 1.000000000
206 14 1.000000000
212 15 1.000000000
213 15 1.000000000
217 16 1.000000000
218 17 1.000000000
219 17 1.000000000
223 18 1.000000000
224 19 1.000000000
225 19 1.000000000
229 20 1.000000000
230 21 1.000000000
231 21 1.000000000
235 22 1.000000000
236 23 1.000000000
237 23 1.000000000
362 24 1.000000000
368 25 1.000000000
374 26 1.000000000
380 27 1.000000000
386 28 1.000000000
392 29 1.000000000
393 29 1.000000000
397 30 1.000000000
398 31 1.000000000
399 31 1.000000000
403 32 1.000000000
404 33 1.000000000
405 33 1.000000000
409 34 1.000000000
410 35 1.000000000
411 35 1.000000000
415 36 1.000000000
416 37 1.000000000
417 37 1.000000000
511 38 1.000000000
512 39 1.000000000
513 40 1.000000000
517 41 1.000000000
518 42 1.000000000
519 43 1.000000000
523 44 1.000000000
524 45 1.000000000
525 46 1.000000000
529 47 1.000000000
530 48 1.000000000
531 49 1.000000000
535 50 1.000000000
536 51 1.000000000
537 52 1.000000000
542 53 1.000000000
548 54 1.000000000
554 55 1.000000000
560 56 1.000000000
566 57 1.000000000
572 58 1.000000000
573 58 1.000000000
577 59 1.000000000
578 60 1.000000000
579 60 1.000000000
583 61 1.000000000
584 62 1.000000000
585 62 1.000000000
589 63 1.000000000
590 64 1.000000000
591 64 1.000000000
595 65 1.000000000
596 66 1.000000000
597 66 1.000000000
722 67 1.000000000
728 68 1.000000000
734 69 1.000000000
740 70 1.000000000
746 71 1.000000000
752 72 1.000000000
753 72 1.000000000
757 73 1.000000000
758 74 1.000000000
759 74 1.000000000
763 75 1.000000000
764 76 1.000000000
765 76 1.000000000
769 77 1.000000000
770 78 1.000000000
771 78 1.000000000
775 79 1.000000000
776 80 1.000000000
777 80 1.000000000
902 81 1.000000000
903 81 1.000000000
907 82 1.000000000
908 82 1.000000000
909 3 1.000000000
913 83 1.000000000
914 83 1.000000000
915 5 1.000000000
919 84 1.000000000
920 84 1.000000000
921 7 1.000000000
925 85 1.000000000
926 85 1.000000000
927 9 1.000000000
931 86 1.000000000
932 86 1.000000000
933 1 1.000000000
937 2 1.000000000
938 87 1.000000000
939 3 1.000000000
943 4 1.000000000
944 88 1.000000000
945 5 1.000000000
949 6 1.000000000
950 89 1.000000000
951 7 1.000000000
955 8 1.000000000
956 90 1.000000000
957 9 1.000000000
962 86 1.000000000
963 1 1.000000000
967 91 1.000000000
968 87 1.000000000
969 87 1.000000000
973 92 1.000000000
974 88 1.000000000
975 88 1.000000000
979 93 1.000000000
980 89 1.000000000
981 89 1.000000000
985 94 1.000000000
986 90 1.000000000
987 90 1.000000000
1081 95 1.000000000
1082 10 1.000000000
1083 96 1.000000000
1087 97 1.000000000
1088 11 1.000000000
1089 98 1.000000000
1093 99 1.000000000
1094 12 1.000000000
1095 100 1.000000000
1099 101 1.000000000
1100 13 1.000000000
1101 102 1.000000000
1105 103 1.000000000
1106 14 1.000000000
1107 104 1.000000000
1111 95 1.000000000
1112 105 1.000000000
1113 15 1.000000000
1117 16 1.000000000
1118 106 1.000000000
1119 17 1.000000000
1123 18 1.000000000
1124 107 1.000000000
1125 19 1.000000000
1129 20 1.000000000
1130 108 1.000000000
1131 21 1.000000000
1135 22 1.000000000
1136 109 1.000000000
1137 23 1.000000000
1142 105 1.000000000
1143 15 1.000000000
1147 106 1.000000000
1148 106 1.000000000
1149 17 1.000000000
1153 107 1.000000000
1154 107 1.000000000
1155 19 1.000000000
1159 108 1.000000000
1160 108 1.000000000
1161 21 1.000000000
1165 109 1.000000000
1166 109 1.000000000
1167 23 1.000000000
1261 110 1.000000000
1262 24 1.000000000
1263 111 1.000000000
1267 112 1.000000000
1268 25 1.000000000
1269 113 1.000000000
1273 114 1.000000000
1274 26 1.000000000
1275 115 1.000000000
1279 116 1.000000000
1280 27 1.000000000
1281 117 1.000000000
1285 118 1.000000000
1286 28 1.000000000
1287 119 1.000000000
1291 110 1.000000000
1292 120 1.000000000
1293 29 1.000000000
1297 30 1.000000000
1298 121 1.000000000
1299 31 1.000000000
1303 32 1.000000000
1304 122 1.000000000
1305 33 1.000000000
1309 34 1.000000000
1310 123 1.000000000
1311 35 1.000000000
1315 36 1.000000000
1316 124 1.000000000
1317 37 1.000000000
1322 120 1.000000000
1323 29 1.000000000
1327 121 1.000000000
1328 121 1.000000000
1329 31 1.000000000
1333 122 1.000000000
1334 122 1.000000000
1335 33 1.000000000
1339 123 1.000000000
1340 123 1.000000000
1341 35 1.000000000
1345 124 1.000000000
1346 124 1.000000000
1347 37 1.000000000
1411 38 1.000000000
1412 39 1.000000000
1413 40 1.000000000
1417 41 1.000000000
1418 42 1.000000000
1419 43 1.000000000
1423 44 1.000000000
1424 45 1.000000000
1425 46 1.000000000
1429 47 1.000000000
1430 48 1.000000000
1431 49 1.000000000
1435 50 1.000000000
1436 51 1.000000000
1437 52 1.000000000
1441 125 1.000000000
1442 53 1.000000000
1443 126 1.000000000
1447 127 1.000000000
1448 54 1.000000000
1449 128 1.000000000
1453 129 1.000000000
1454 55 1.000000000
1455 130 1.000000000
1459 131 1.000000000
1460 56 1.000000000
1461 132 1.000000000
1465 133 1.000000000
1466 57 1.000000000
1467 134 1.000000000
1471 125 1.000000000
1472 135 1.000000000
1473 58 1.000000000
1477 59 1.000000000
1478 136 1.000000000
1479 60 1.000000000
1483 61 1.000000000
1484 137 1.000000000
1485 62 1.000000000
1489 63 1.000000000
1490 138 1.000000000
1491 64 1.000000000
1495 65 1.000000000
1496 139 1.000000000
1497 66 1.000000000
1502 135 1.000000000
1503 58 1.000000000
1507 136 1.000000000
1508 136 1.000000000
1509 60 1.000000000
1513 137 1.000000000
1514 137 1.000000000
1515 62 1.000000000
1519 138 1.000000000
1520 138 1.000000000
1521 64 1.000000000
1525 139 1.000000000
1526 139 1.000000000
1527 66 1.000000000
1621 140 1.000000000
1622 67 1.000000000
1623 141 1.000000000
1627 142 1.000000000
1628 68 1.000000000
1629 143 1.000000000
1633 144 1.000000000
1634 69 1.000000000
1635 145 1.000000000
1639 146 1.000000000
1640 70 1.000000000
1641 147 1.000000000
1645 148 1.000000000
1646 71 1.000000000
1647 149 1.000000000
1651 140 1.000000000
1652 150 1.000000000
1653 72 1.000000000
1657 73 1.000000000
1658 151 1.000000000
1659 74 1.000000000
1663 75 1.000000000
1664 152 1.000000000
1665 76 1.000000000
1669 77 1.000000000
1670 153 1.000000000
1671 78 1.000000000
1675 79 1.000000000
1676 154 1.000000000
1677 80 1.000000000
1682 150 1.000000000
1683 72 1.000000000
1687 151 1.000000000
1688 151 1.000000000
1689 74 1.000000000
1693 152 1.000000000
1694 152 1.000000000
1695 76 1.000000000
1699 153 1.000000000
1700 153 1.000000000
1701 78 1.000000000
1705 154 1.000000000
1706 154 1.000000000
1707 80 1.000000000
1802 81 1.000000000
1808 82 1.000000000
1814 83 1.000000000
1820 84 1.000000000
1826 85 1.000000000
1831 86 1.000000000
1832 81 1.000000000
1833 155 1.000000000
1837 2 1.000000000
1838 82 1.000000000
1839 156 1.000000000
1843 4 1.000000000
1844 83 1.000000000
1845 157 1.000000000
1849 6 1.000000000
1850 84 1.000000000
1851 158 1.000000000
1855 8 1.000000000
1856 85 1.000000000
1857 159 1.000000000
1862 155 1.000000000
1863 155 1.000000000
1867 2 1.000000000
1868 156 1.000000000
1869 156 1.000000000
1873 4 1.000000000
1874 157 1.000000000
1875 157 1.000000000
1879 6 1.000000000
1880 158 1.000000000
1881 158 1.000000000
1885 8 1.000000000
1886 159 1.000000000
1887 159 1.000000000
1982 10 1.000000000
1983 96 1.000000000
1987 97 1.000000000
1988 11 1.000000000
1989 98 1.000000000
1993 99 1.000000000
1994 12 1.000000000
1995 100 1.000000000
1999 101 1.000000000
2000 13 1.000000000
2001 102 1.000000000
2005 103 1.000000000
2006 14 1.000000000
2007 104 1.000000000
2011 95 1.000000000
2012 10 1.000000000
2013 96 1.000000000
2017 16 1.000000000
2018 11 1.000000000
2019 98 1.000000000
2023 18 1.000000000
2024 12 1.000000000
2025 100 1.000000000
2029 20 1.000000000
2030 13 1.000000000
2031 102 1.000000000
2035 22 1.000000000
2036 14 1.000000000
2037 104 1.000000000
2042 105 1.000000000
2043 96 1.000000000
2047 16 1.000000000
2048 160 1.000000000
2049 98 1.000000000
2053 18 1.000000000
2054 161 1.000000000
2055 100 1.000000000
2059 20 1.000000000
2060 162 1.000000000
2061 102 1.000000000
2065 22 1.000000000
2066 163 1.000000000
2067 104 1.000000000
2162 24 1.000000000
2163 111 1.000000000
2167 112 1.000000000
2168 25 1.000000000
2169 113 1.000000000
2173 114 1.000000000
2174 26 1.000000000
2175 115 1.000000000
2179 116 1.000000000
2180 27 1.000000000
2181 117 1.000000000
2185 118 1.000000000
2186 28 1.000000000
2187 119 1.000000000
2191 110 1.000000000
2192 24 1.000000000
2193 111 1.000000000
2197 30 1.000000000
2198 25 1.000000000
2199 113 1.000000000
2203 32 1.000000000
2204 26 1.000000000
2205 115 1.000000000
2209 34 1.000000000
2210 27 1.000000000
2211 117 1.000000000
2215 36 1.000000000
2216 28 1.000000000
2217 119 1.000000000
2222 120 1.000000000
2223 111 1.000000000
2227 30 1.000000000
2228 164 1.000000000
2229 113 1.000000000
2233 32 1.000000000
2234 165 1.000000000
2235 115 1.000000000
2239 34 1.000000000
2240 166 1.000000000
2241 117 1.000000000
2245 36 1.000000000
2246 167 1.000000000
2247 119 1.000000000
2311 38 1.000000000
2312 39 1.000000000
2313 40 1.000000000
2317 41 1.000000000
2318 42 1.000000000
2319 43 1.000000000
2323 44 1.000000000
2324 45 1.000000000
2325 46 1.000000000
2329 47 1.000000000
2330 48 1.000000000
2331 49 1.000000000
2335 50 1.000000000
2336 51 1.000000000
2337 52 1.000000000
2342 53 1.000000000
2343 126 1.000000000
2347 127 1.000000000
2348 54 1.000000000
2349 128 1.000000000
2353 129 1.000000000
2354 55 1.000000000
2355 130 1.000000000
2359 131 1.000000000
2360 56 1.000000000
2361 132 1.000000000
2365 133 1.000000000
2366 57 1.000000000
2367 134 1.000000000
2371 125 1.000000000
2372 53 1.000000000
2373 126 1.000000000
2377 59 1.000000000
2378 54 1.000000000
2379 128 1.000000000
2383 61 1.000000000
2384 55 1.000000000
2385 130 1.000000000
2389 63 1.000000000
2390 56 1.000000000
2391 132 1.000000000
2395 65 1.000000000
2396 57 1.000000000
2397 134 1.000000000
2402 135 1.000000000
2403 126 1.000000000
2407 59 1.000000000
2408 168 1.000000000
2409 128 1.000000000
2413 61 1.000000000
2414 169 1.000000000
2415 130 1.000000000
2419 63 1.000000000
2420 170 1.000000000
2421 132 1.000000000
2425 65 1.000000000
2426 171 1.000000000
2427 134 1.000000000
2522 67 1.000000000
2523 141 1.000000000
2527 142 1.000000000
2528 68 1.000000000
2529 143 1.000000000
2533 144 1.000000000
2534 69 1.000000000
2535 145 1.000000000
2539 146 1.000000000
2540 70 1.000000000
2541 147 1.000000000
2545 148 1.000000000
2546 71 1.000000000
2547 149 1.000000000
2551 140 1.000000000
2552 67 1.000000000
2553 141 1.000000000
2557 73 1.000000000
2558 68 1.000000000
2559 143 1.000000000
2563 75 1.000000000
2564 69 1.000000000
2565 145 1.000000000
2569 77 1.000000000
2570 70 1.000000000
2571 147 1.000000000
2575 79 1.000000000
2576 71 1.000000000
2577 149 1.000000000
2582 150 1.000000000
2583 141 1.000000000
2587 73 1.000000000
2588 172 1.000000000
2589 143 1.000000000
2593 75 1.000000000
2594 173 1.000000000
2595 145 1.000000000
2599 77 1.000000000
2600 174 1.000000000
2601 147 1.000000000
2605 79 1.000000000
2606 175 1.000000000
2607 149 1.000000000
5402 176 1.000000000
5408 177 1.000000000
5414 178 1.000000000
5420 179 1.000000000
5426 180 1.000000000
5431 181 1.000000000
5432 176 1.000000000
5433 182 1.000000000
5437 183 1.000000000
5438 177 1.000000000
5439 184 1.000000000
5443 185 1.000000000
5444 178 1.000000000
5445 186 1.000000000
5449 187 1.000000000
5450 179 1.000000000
5451 188 1.000000000
5455 189 1.000000000
5456 180 1.000000000
5457 190 1.000000000
5462 176 1.000000000
5463 182 1.000000000
5467 183 1.000000000
5468 177 1.000000000
5469 184 1.000000000
5473 185 1.000000000
5474 178 1.000000000
5475 186 1.000000000
5479 187 1.000000000
5480 179 1.000000000
5481 188 1.000000000
5485 189 1.000000000
5486 180 1.000000000
5487 190 1.000000000
5582 191 1.000000000
5583 191 1.000000000
5587 192 1.000000000
5588 192 1.000000000
5589 193 1.000000000
5593 194 1.000000000
5594 194 1.000000000
5595 195 1.000000000
5599 196 1.000000000
5600 196 1.000000000
5601 197 1.000000000
5605 198 1.000000000
5606 198 1.000000000
5607 199 1.000000000
5611 200 1.000000000
5612 200 1.000000000
5613 191 1.000000000
5617 192 1.000000000
5618 201 1.000000000
5619 193 1.000000000
5623 194 1.000000000
5624 202 1.000000000
5625 195 1.000000000
5629 196 1.000000000
5630 203 1.000000000
5631 197 1.000000000
5635 198 1.000000000
5636 204 1.000000000
5637 199 1.000000000
5642 200 1.000000000
5643 191 1.000000000
5647 192 1.000000000
5648 201 1.000000000
5649 193 1.000000000
5653 194 1.000000000
5654 202 1.000000000
5655 195 1.000000000
5659 196 1.000000000
5660 203 1.000000000
5661 197 1.000000000
5665 198 1.000000000
5666 204 1.000000000
5667 199 1.000000000
5762 205 1.000000000
5763 205 1.000000000
5767 206 1.000000000
5768 206 1.000000000
5769 207 1.000000000
5773 208 1.000000000
5774 208 1.000000000
5775 209 1.000000000
5779 210 1.000000000
5780 210 1.000000000
5781 211 1.000000000
5785 212 1.000000000
5786 212 1.000000000
5787 213 1.000000000
5791 214 1.000000000
5792 214 1.000000000
5793 205 1.000000000
5797 206 1.000000000
5798 215 1.000000000
5799 207 1.000000000
5803 208 1.000000000
5804 216 1.000000000
5805 209 1.000000000
5809 210 1.000000000
5810 217 1.000000000
5811 211 1.000000000
5815 212 1.000000000
5816 218 1.000000000
5817 213 1.000000000
5822 214 1.000000000
5823 205 1.000000000
5827 206 1.000000000
5828 215 1.000000000
5829 207 1.000000000
5833 208 1.000000000
5834 216 1.000000000
5835 209 1.000000000
5839 210 1.000000000
5840 217 1.000000000
5841 211 1.000000000
5845 212 1.000000000
5846 218 1.000000000
5847 213 1.000000000
5911 219 1.000000000
5912 220 1.000000000
5913 221 1.000000000
5917 222 1.000000000
5918 223 1.000000000
5919 224 1.000000000
5923 225 1.000000000
5924 226 1.000000000
5925 227 1.000000000
5929 228 1.000000000
5930 229 1.000000000
5931 230 1.000000000
5935 231 1.000000000
5936 232 1.000000000
5937 233 1.000000000
5942 234 1.000000000
5943 234 1.000000000
5947 235 1.000000000
5948 235 1.000000000
5949 236 1.000000000
5953 237 1.000000000
5954 237 1.000000000
5955 238 1.000000000
5959 239 1.000000000
5960 239 1.000000000
5961 240 1.000000000
5965 241 1.000000000
5966 241 1.000000000
5967 242 1.000000000
5971 243 1.000000000
5972 243 1.000000000
5973 234 1.000000000
5977 235 1.000000000
5978 244 1.000000000
5979 236 1.000000000
5983 237 1.000000000
5984 245 1.000000000
5985 238 1.000000000
5989 239 1.000000000
5990 246 1.000000000
5991 240 1.000000000
5995 241 1.000000000
5996 247 1.000000000
5997 242 1.000000000
6002 243 1.000000000
6003 234 1.000000000
6007 235 1.000000000
6008 244 1.000000000
6009 236 1.000000000
6013 237 1.000000000
6014 245 1.000000000
6015 238 1.000000000
6019 239 1.000000000
6020 246 1.000000000
6021 240 1.000000000
6025 241 1.000000000
6026 247 1.000000000
6027 242 1.000000000
6122 248 1.000000000
6123 248 1.000000000
6127 249 1.000000000
6128 249 1.000000000
6129 250 1.000000000
6133 251 1.000000000
6134 251 1.000000000
6135 252 1.000000000
6139 253 1.000000000
6140 253 1.000000000
6141 254 1.000000000
6145 255 1.000000000
6146 255 1.000000000
6147 256 1.000000000
6151 257 1.000000000
6152 257 1.000000000
6153 248 1.000000000
6157 249 1.000000000
6158 258 1.000000000
6159 250 1.000000000
6163 251 1.000000000
6164 259 1.000000000
6165 252 1.000000000
6169 253 1.000000000
6170 260 1.000000000
6171 254 1.000000000
6175 255 1.000000000
6176 261 1.000000000
6177 256 1.000000000
6182 257 1.000000000
6183 248 1.000000000
6187 249 1.000000000
6188 258 1.000000000
6189 250 1.000000000
6193 251 1.000000000
6194 259 1.000000000
6195 252 1.000000000
6199 253 1.000000000
6200 260 1.000000000
6201 254 1.000000000
6205 255 1.000000000
6206 261 1.000000000
6207 256 1.000000000
6302 262 1.000000000
6303 262 1.000000000
6307 183 1.000000000
6308 263 1.000000000
6309 263 1.000000000
6313 185 1.000000000
6314 264 1.000000000
6315 264 1.000000000
6319 187 1.000000000
6320 265 1.000000000
6321 265 1.000000000
6325 189 1.000000000
6326 266 1.000000000
6327 266 1.000000000
6331 181 1.000000000
6332 262 1.000000000
6333 182 1.000000000
6337 183 1.000000000
6338 263 1.000000000
6339 184 1.000000000
6343 185 1.000000000
6344 264 1.000000000
6345 186 1.000000000
6349 187 1.000000000
6350 265 1.000000000
6351 188 1.000000000
6355 189 1.000000000
6356 266 1.000000000
6357 190 1.000000000
6362 262 1.000000000
6363 182 1.000000000
6367 267 1.000000000
6368 263 1.000000000
6369 184 1.000000000
6373 268 1.000000000
6374 264 1.000000000
6375 186 1.000000000
6379 269 1.000000000
6380 265 1.000000000
6381 188 1.000000000
6385 270 1.000000000
6386 266 1.000000000
6387 190 1.000000000
6481 271 1.000000000
6482 271 1.000000000
6483 271 1.000000000
6487 272 1.000000000
6488 273 1.000000000
6489 273 1.000000000
6493 274 1.000000000
6494 275 1.000000000
6495 275 1.000000000
6499 276 1.000000000
6500 277 1.000000000
6501 277 1.000000000
6505 278 1.000000000
6506 279 1.000000000
6507 279 1.000000000
6511 280 1.000000000
6512 280 1.000000000
6513 281 1.000000000
6517 282 1.000000000
6518 201 1.000000000
6519 283 1.000000000
6523 284 1.000000000
6524 202 1.000000000
6525 285 1.000000000
6529 286 1.000000000
6530 203 1.000000000
6531 287 1.000000000
6535 288 1.000000000
6536 204 1.000000000
6537 289 1.000000000
6542 280 1.000000000
6543 281 1.000000000
6547 282 1.000000000
6548 201 1.000000000
6549 283 1.000000000
6553 284 1.000000000
6554 202 1.000000000
6555 285 1.000000000
6559 286 1.000000000
6560 203 1.000000000
6561 287 1.000000000
6565 288 1.000000000
6566 204 1.000000000
6567 289 1.000000000
6661 290 1.000000000
6662 290 1.000000000
6663 290 1.000000000
6667 291 1.000000000
6668 292 1.000000000
6669 292 1.000000000
6673 293 1.000000000
6674 294 1.000000000
6675 294 1.000000000
6679 295 1.000000000
6680 296 1.000000000
6681 296 1.000000000
6685 297 1.000000000
6686 298 1.000000000
6687 298 1.000000000
6691 299 1.000000000
6692 299 1.000000000
6693 300 1.000000000
6697 301 1.000000000
6698 215 1.000000000
6699 302 1.000000000
6703 303 1.000000000
6704 216 1.000000000
6705 304 1.000000000
6709 305 1.000000000
6710 217 1.000000000
6711 306 1.000000000
6715 307 1.000000000
6716 218 1.000000000
6717 308 1.000000000
6722 299 1.000000000
6723 300 1.000000000
6727 301 1.000000000
6728 215 1.000000000
6729 302 1.000000000
6733 303 1.000000000
6734 216 1.000000000
6735 304 1.000000000
6739 305 1.000000000
6740 217 1.000000000
6741 306 1.000000000
6745 307 1.000000000
6746 218 1.000000000
6747 308 1.000000000
6811 219 1.000000000
6812 220 1.000000000
6813 221 1.000000000
6817 222 1.000000000
6818 223 1.000000000
6819 224 1.000000000
6823 225 1.000000000
6824 226 1.000000000
6825 227 1.000000000
6829 228 1.000000000
6830 229 1.000000000
6831 230 1.000000000
6835 231 1.000000000
6836 232 1.000000000
6837 233 1.000000000
6841 309 1.000000000
6842 309 1.000000000
6843 309 1.000000000
6847 310 1.000000000
6848 311 1.000000000
6849 311 1.000000000
6853 312 1.000000000
6854 313 1.000000000
6855 313 1.000000000
6859 314 1.000000000
6860 315 1.000000000
6861 315 1.000000000
6865 316 1.000000000
6866 317 1.000000000
6867 317 1.000000000
6871 318 1.000000000
6872 318 1.000000000
6873 319 1.000000000
6877 320 1.000000000
6878 244 1.000000000
6879 321 1.000000000
6883 322 1.000000000
6884 245 1.000000000
6885 323 1.000000000
6889 324 1.000000000
6890 246 1.000000000
6891 325 1.000000000
6895 326 1.000000000
6896 247 1.000000000
6897 327 1.000000000
6902 318 1.000000000
6903 319 1.000000000
6907 320 1.000000000
6908 244 1.000000000
6909 321 1.000000000
6913 322 1.000000000
6914 245 1.000000000
6915 323 1.000000000
6919 324 1.000000000
6920 246 1.000000000
6921 325 1.000000000
6925 326 1.000000000
6926 247 1.000000000
6927 327 1.000000000
7021 328 1.000000000
7022 328 1.000000000
7023 328 1.000000000
7027 329 1.000000000
7028 330 1.000000000
7029 330 1.000000000
7033 331 1.000000000
7034 332 1.000000000
7035 332 1.000000000
7039 333 1.000000000
7040 334 1.000000000
7041 334 1.000000000
7045 335 1.000000000
7046 336 1.000000000
7047 336 1.000000000
7051 337 1.000000000
7052 337 1.000000000
7053 338 1.000000000
7057 339 1.000000000
7058 258 1.000000000
7059 340 1.000000000
7063 341 1.000000000
7064 259 1.000000000
7065 342 1.000000000
7069 343 1.000000000
7070 260 1.000000000
7071 344 1.000000000
7075 345 1.000000000
7076 261 1.000000000
7077 346 1.000000000
7082 337 1.000000000
7083 338 1.000000000
7087 339 1.000000000
7088 258 1.000000000
7089 340 1.000000000
7093 341 1.000000000
7094 259 1.000000000
7095 342 1.000000000
7099 343 1.000000000
7100 260 1.000000000
7101 344 1.000000000
7105 345 1.000000000
7106 261 1.000000000
7107 346 1.000000000
7202 347 1.000000000
7208 348 1.000000000
7214 349 1.000000000
7220 350 1.000000000
7226 351 1.000000000
7231 181 1.000000000
7232 347 1.000000000
7233 352 1.000000000
7237 267 1.000000000
7238 348 1.000000000
7239 353 1.000000000
7243 268 1.000000000
7244 349 1.000000000
7245 354 1.000000000
7249 269 1.000000000
7250 350 1.000000000
7251 355 1.000000000
7255 270 1.000000000
7256 351 1.000000000
7257 356 1.000000000
7262 347 1.000000000
7263 352 1.000000000
7267 267 1.000000000
7268 348 1.000000000
7269 353 1.000000000
7273 268 1.000000000
7274 349 1.000000000
7275 354 1.000000000
7279 269 1.000000000
7280 350 1.000000000
7281 355 1.000000000
7285 270 1.000000000
7286 351 1.000000000
7287 356 1.000000000
7382 357 1.000000000
7383 271 1.000000000
7387 272 1.000000000
7388 273 1.000000000
7389 273 1.000000000
7393 274 1.000000000
7394 275 1.000000000
7395 275 1.000000000
7399 276 1.000000000
7400 277 1.000000000
7401 277 1.000000000
7405 278 1.000000000
7406 279 1.000000000
7407 279 1.000000000
7411 280 1.000000000
7412 357 1.000000000
7413 281 1.000000000
7417 272 1.000000000
7418 358 1.000000000
7419 283 1.000000000
7423 274 1.000000000
7424 359 1.000000000
7425 285 1.000000000
7429 276 1.000000000
7430 360 1.000000000
7431 287 1.000000000
7435 278 1.000000000
7436 361 1.000000000
7437 289 1.000000000
7442 357 1.000000000
7443 281 1.000000000
7447 272 1.000000000
7448 358 1.000000000
7449 283 1.000000000
7453 274 1.000000000
7454 359 1.000000000
7455 285 1.000000000
7459 276 1.000000000
7460 360 1.000000000
7461 287 1.000000000
7465 278 1.000000000
7466 361 1.000000000
7467 289 1.000000000
7562 362 1.000000000
7563 290 1.000000000
7567 291 1.000000000
7568 292 1.000000000
7569 292 1.000000000
7573 293 1.000000000
7574 294 1.000000000
7575 294 1.000000000
7579 295 1.000000000
7580 296 1.000000000
7581 296 1.000000000
7585 297 1.000000000
7586 298 1.000000000
7587 298 1.000000000
7591 299 1.000000000
7592 362 1.000000000
7593 300 1.000000000
7597 291 1.000000000
7598 363 1.000000000
7599 302 1.000000000
7603 293 1.000000000
7604 364 1.000000000
7605 304 1.000000000
7609 295 1.000000000
7610 365 1.000000000
7611 306 1.000000000
7615 297 1.000000000
7616 366 1.000000000
7617 308 1.000000000
7622 362 1.000000000
7623 300 1.000000000
7627 291 1.000000000
7628 363 1.000000000
7629 302 1.000000000
7633 293 1.000000000
7634 364 1.000000000
7635 304 1.000000000
7639 295 1.000000000
7640 365 1.000000000
7641 306 1.000000000
7645 297 1.000000000
7646 366 1.000000000
7647 308 1.000000000
7711 219 1.000000000
7712 220 1.000000000
7713 221 1.000000000
7717 222 1.000000000
7718 223 1.000000000
7719 224 1.000000000
7723 225 1.000000000
7724 226 1.000000000
7725 227 1.000000000
7729 228 1.000000000
7730 229 1.000000000
7731 230 1.000000000
7735 231 1.000000000
7736 232 1.000000000
7737 233 1.000000000
7742 367 1.000000000
7743 309 1.000000000
7747 310 1.000000000
7748 311 1.000000000
7749 311 1.000000000
7753 312 1.000000000
7754 313 1.000000000
7755 313 1.000000000
7759 314 1.000000000
7760 315 1.000000000
7761 315 1.000000000
7765 316 1.000000000
7766 317 1.000000000
7767 317 1.000000000
7771 318 1.000000000
7772 367 1.000000000
7773 319 1.000000000
7777 310 1.000000000
7778 368 1.000000000
7779 321 1.000000000
7783 312 1.000000000
7784 369 1.000000000
7785 323 1.000000000
7789 314 1.000000000
7790 370 1.000000000
7791 325 1.000000000
7795 316 1.000000000
7796 371 1.000000000
7797 327 1.000000000
7802 367 1.000000000
7803 319 1.000000000
7807 310 1.000000000
7808 368 1.000000000
7809 321 1.000000000
7813 312 1.000000000
7814 369 1.000000000
7815 323 1.000000000
7819 314 1.000000000
7820 370 1.000000000
7821 325 1.000000000
7825 316 1.000000000
7826 371 1.000000000
7827 327 1.000000000
7922 372 1.000000000
7923 328 1.000000000
7927 329 1.000000000
7928 330 1.000000000
7929 330 1.000000000
7933 331 1.000000000
7934 332 1.000000000
7935 332 1.000000000
7939 333 1.000000000
7940 334 1.000000000
7941 334 1.000000000
7945 335 1.000000000
7946 336 1.000000000
7947 336 1.000000000
7951 337 1.000000000
7952 372 1.000000000
7953 338 1.000000000
7957 329 1.000000000
7958 373 1.000000000
7959 340 1.000000000
7963 331 1.000000000
7964 374 1.000000000
7965 342 1.000000000
7969 333 1.000000000
7970 375 1.000000000
7971 344 1.000000000
7975 335 1.000000000
7976 376 1.000000000
7977 346 1.000000000
7982 372 1.000000000
7983 338 1.000000000
7987 329 1.000000000
7988 373 1.000000000
7989 340 1.000000000
7993 331 1.000000000
7994 374 1.000000000
7995 342 1.000000000
7999 333 1.000000000
8000 375 1.000000000
8001 344 1.000000000
8005 335 1.000000000
8006 376 1.000000000
8007 346 1.000000000
10802 377 1.000000000
10808 378 1.000000000
10814 379 1.000000000
10820 380 1.000000000
10826 381 1.000000000
10831 382 1.000000000
10832 377 1.000000000
10833 383 1.000000000
10837 384 1.000000000
10838 378 1.000000000
10839 385 1.000000000
10843 386 1.000000000
10844 379 1.000000000
10845 387 1.000000000
10849 388 1.000000000
10850 380 1.000000000
10851 389 1.000000000
10855 390 1.000000000
10856 381 1.000000000
10857 391 1.000000000
10862 377 1.000000000
10863 383 1.000000000
10867 384 1.000000000
10868 378 1.000000000
10869 385 1.000000000
10873 386 1.000000000
10874 379 1.000000000
10875 387 1.000000000
10879 388 1.000000000
10880 380 1.000000000
10881 389 1.000000000
10885 390 1.000000000
10886 381 1.000000000
10887 391 1.000000000
10982 392 1.000000000
10983 392 1.000000000
10987 393 1.000000000
10988 393 1.000000000
10989 394 1.000000000
10993 395 1.000000000
10994 395 1.000000000
10995 396 1.000000000
10999 397 1.000000000
11000 397 1.000000000
11001 398 1.000000000
11005 399 1.000000000
11006 399 1.000000000
11007 400 1.000000000
11011 401 1.000000000
11012 401 1.000000000
11013 392 1.000000000
11017 393 1.000000000
11018 402 1.000000000
11019 394 1.000000000
11023 395 1.000000000
11024 403 1.000000000
11025 396 1.000000000
11029 397 1.000000000
11030 404 1.000000000
11031 398 1.000000000
11035 399 1.000000000
11036 405 1.000000000
11037 400 1.000000000
11042 401 1.000000000
11043 392 1.000000000
11047 393 1.000000000
11048 402 1.000000000
11049 394 1.000000000
11053 395 1.000000000
11054 403 1.000000000
11055 396 1.000000000
11059 397 1.000000000
11060 404 1.000000000
11061 398 1.000000000
11065 399 1.000000000
11066 405 1.000000000
11067 400 1.000000000
11162 406 1.000000000
11163 406 1.000000000
11167 407 1.000000000
11168 407 1.000000000
11169 408 1.000000000
11173 409 1.000000000
11174 409 1.000000000
11175 410 1.000000000
11179 411 1.000000000
11180 411 1.000000000
11181 412 1.000000000
11185 413 1.000000000
11186 413 1.000000000
11187 414 1.000000000
11191 415 1.000000000
11192 415 1.000000000
11193 406 1.000000000
11197 407 1.000000000
11198 416 1.000000000
11199 408 1.000000000
11203 409 1.000000000
11204 417 1.000000000
11205 410 1.000000000
11209 411 1.000000000
11210 418 1.000000000
11211 412 1.000000000
11215 413 1.000000000
11216 419 1.000000000
11217 414 1.000000000
11222 415 1.000000000
11223 406 1.000000000
11227 407 1.000000000
11228 416 1.000000000
11229 408 1.000000000
11233 409 1.000000000
11234 417 1.000000000
11235 410 1.000000000
11239 411 1.000000000
11240 418 1.000000000
11241 412 1.000000000
11245 413 1.000000000
11246 419 1.000000000
11247 414 1.000000000
11311 420 1.000000000
11312 421 1.000000000
11313 422 1.000000000
11317 423 1.000000000
11318 424 1.000000000
11319 425 1.000000000
11323 426 1.000000000
11324 427 1.000000000
11325 428 1.000000000
11329 429 1.000000000
11330 430 1.000000000
11331 431 1.000000000
11335 432 1.000000000
11336 433 1.000000000
11337 434 1.000000000
11342 435 1.000000000
11343 435 1.000000000
11347 436 1.000000000
11348 436 1.000000000
11349 437 1.000000000
11353 438 1.000000000
11354 438 1.000000000
11355 439 1.000000000
11359 440 1.000000000
11360 440 1.000000000
11361 441 1.000000000
11365 442 1.000000000
11366 442 1.000000000
11367 443 1.000000000
11371 444 1.000000000
11372 444 1.000000000
11373 435 1.000000000
11377 436 1.000000000
11378 445 1.000000000
11379 437 1.000000000
11383 438 1.000000000
11384 446 1.000000000
11385 439 1.000000000
11389 440 1.000000000
11390 447 1.000000000
11391 441 1.000000000
11395 442 1.000000000
11396 448 1.000000000
11397 443 1.000000000
11402 444 1.000000000
11403 435 1.000000000
11407 436 1.000000000
11408 445 1.000000000
11409 437 1.000000000
11413 438 1.000000000
11414 446 1.000000000
11415 439 1.000000000
11419 440 1.000000000
11420 447 1.000000000
11421 441 1.000000000
11425 442 1.000000000
11426 448 1.000000000
11427 443 1.000000000
11522 449 1.000000000
11523 449 1.000000000
11527 450 1.000000000
11528 450 1.000000000
11529 451 1.000000000
11533 452 1.000000000
11534 452 1.000000000
11535 453 1.000000000
11539 454 1.000000000
11540 454 1.000000000
11541 455 1.000000000
11545 456 1.000000000
11546 456 1.000000000
11547 457 1.000000000
11551 458 1.000000000
11552 458 1.000000000
11553 449 1.000000000
11557 450 1.000000000
11558 459 1.000000000
11559 451 1.000000000
11563 452 1.000000000
11564 460 1.000000000
11565 453 1.000000000
11569 454 1.000000000
11570 461 1.000000000
11571 455 1.000000000
11575 456 1.000000000
11576 462 1.000000000
11577 457 1.000000000
11582 458 1.000000000
11583 449 1.000000000
11587 450 1.000000000
11588 459 1.000000000
11589 451 1.000000000
11593 452 1.000000000
11594 460 1.000000000
11595 453 1.000000000
11599 454 1.000000000
11600 461 1.000000000
11601 455 1.000000000
11605 456 1.000000000
11606 462 1.000000000
11607 457 1.000000000
11702 463 1.000000000
11703 463 1.000000000
11707 384 1.000000000
11708 464 1.000000000
11709 464 1.000000000
11713 386 1.000000000
11714 465 1.000000000
11715 465 1.000000000
11719 388 1.000000000
11720 466 1.000000000
11721 466 1.000000000
11725 390 1.000000000
11726 467 1.000000000
11727 467 1.000000000
11731 382 1.000000000
11732 463 1.000000000
11733 383 1.000000000
11737 384 1.000000000
11738 464 1.000000000
11739 385 1.000000000
11743 386 1.000000000
11744 465 1.000000000
11745 387 1.000000000
11749 388 1.000000000
11750 466 1.000000000
11751 389 1.000000000
11755 390 1.000000000
11756 467 1.000000000
11757 391 1.000000000
11762 463 1.000000000
11763 383 1.000000000
11767 468 1.000000000
11768 464 1.000000000
11769 385 1.000000000
11773 469 1.000000000
11774 465 1.000000000
11775 387 1.000000000
11779 470 1.000000000
11780 466 1.000000000
11781 389 1.000000000
11785 471 1.000000000
11786 467 1.000000000
11787 391 1.000000000
11881 472 1.000000000
11882 472 1.000000000
11883 472 1.000000000
11887 473 1.000000000
11888 474 1.000000000
11889 474 1.000000000
11893 475 1.000000000
11894 476 1.000000000
11895 476 1.000000000
11899 477 1.000000000
11900 478 1.000000000
11901 478 1.000000000
11905 479 1.000000000
11906 480 1.000000000
11907 480 1.000000000
11911 481 1.000000000
11912 481 1.000000000
11913 482 1.000000000
11917 483 1.000000000
11918 402 1.000000000
11919 484 1.000000000
11923 485 1.000000000
11924 403 1.000000000
11925 486 1.000000000
11929 487 1.000000000
11930 404 1.000000000
11931 488 1.000000000
11935 489 1.000000000
11936 405 1.000000000
11937 490 1.000000000
11942 481 1.000000000
11943 482 1.000000000
11947 483 1.000000000
11948 402 1.000000000
11949 484 1.000000000
11953 485 1.000000000
11954 403 1.000000000
11955 486 1.000000000
11959 487 1.000000000
11960 404 1.000000000
11961 488 1.000000000
11965 489 1.000000000
11966 405 1.000000000
11967 490 1.000000000
12061 491 1.000000000
12062 491 1.000000000
12063 491 1.000000000
12067 492 1.000000000
12068 493 1.000000000
12069 493 1.000000000
12073 494 1.000000000
12074 495 1.000000000
12075 495 1.000000000
12079 496 1.000000000
12080 497 1.000000000
12081 497 1.000000000
12085 498 1.000000000
12086 499 1.000000000
12087 499 1.000000000
12091 500 1.000000000
12092 500 1.000000000
12093 501 1.000000000
12097 502 1.000000000
12098 416 1.000000000
12099 503 1.000000000
12103 504 1.000000000
12104 417 1.000000000
12105 505 1.000000000
12109 506 1.000000000
12110 418 1.000000000
12111 507 1.000000000
12115 508 1.000000000
12116 419 1.000000000
12117 509 1.000000000
12122 500 1.000000000
12123 501 1.000000000
12127 502 1.000000000
12128 416 1.000000000
12129 503 1.000000000
12133 504 1.000000000
12134 417 1.000000000
12135 505 1.000000000
12139 506 1.000000000
12140 418 1.000000000
12141 507 1.000000000
12145 508 1.000000000
12146 419 1.000000000
12147 509 1.000000000
12211 420 1.000000000
12212 421 1.000000000
12213 422 1.000000000
12217 423 1.000000000
12218 424 1.000000000
12219 425 1.000000000
12223 426 1.000000000
12224 427 1.000000000
12225 428 1.000000000
12229 429 1.000000000
12230 430 1.000000000
12231 431 1.000000000
12235 432 1.000000000
12236 433 1.000000000
12237 434 1.000000000
12241 510 1.000000000
12242 510 1.000000000
12243 510 1.000000000
12247 511 1.000000000
12248 512 1.000000000
12249 512 1.000000000
12253 513 1.000000000
12254 514 1.000000000
12255 514 1.000000000
12259 515 1.000000000
12260 516 1.000000000
12261 516 1.000000000
12265 517 1.000000000
12266 518 1.000000000
12267 518 1.000000000
12271 519 1.000000000
12272 519 1.000000000
12273 520 1.000000000
12277 521 1.000000000
12278 445 1.000000000
12279 522 1.000000000
12283 523 1.000000000
12284 446 1.000000000
12285 524 1.000000000
12289 525 1.000000000
12290 447 1.000000000
12291 526 1.000000000
12295 527 1.000000000
12296 448 1.000000000
12297 528 1.000000000
12302 519 1.000000000
12303 520 1.000000000
12307 521 1.000000000
12308 445 1.000000000
12309 522 1.000000000
12313 523 1.000000000
12314 446 1.000000000
12315 524 1.000000000
12319 525 1.000000000
12320 447 1.000000000
12321 526 1.000000000
12325 527 1.000000000
12326 448 1.000000000
12327 528 1.000000000
12421 529 1.000000000
12422 529 1.000000000
12423 529 1.000000000
12427 530 1.000000000
12428 531 1.000000000
12429 531 1.000000000
12433 532 1.000000000
12434 533 1.000000000
12435 533 1.000000000
12439 534 1.000000000
12440 535 1.000000000
12441 535 1.000000000
12445 536 1.000000000
12446 537 1.000000000
12447 537 1.000000000
12451 538 1.000000000
12452 538 1.000000000
12453 539 1.000000000
12457 540 1.000000000
12458 459 1.000000000
12459 541 1.000000000
12463 542 1.000000000
12464 460 1.000000000
12465 543 1.000000000
12469 544 1.000000000
12470 461 1.000000000
12471 545 1.000000000
12475 546 1.000000000
12476 462 1.000000000
12477 547 1.000000000
12482 538 1.000000000
12483 539 1.000000000
12487 540 1.000000000
12488 459 1.000000000
12489 541 1.000000000
12493 542 1.000000000
12494 460 1.000000000
12495 543 1.000000000
12499 544 1.000000000
12500 461 1.000000000
12501 545 1.000000000
12505 546 1.000000000
12506 462 1.000000000
12507 547 1.000000000
12602 548 1.000000000
12608 549 1.000000000
12614 550 1.000000000
12620 551 1.000000000
12626 552 1.000000000
12631 382 1.000000000
12632 548 1.000000000
12633 553 1.000000000
12637 468 1.000000000
12638 549 1.000000000
12639 554 1.000000000
12643 469 1.000000000
12644 550 1.000000000
12645 555 1.000000000
12649 470 1.000000000
12650 551 1.000000000
12651 556 1.000000000
12655 471 1.000000000
12656 552 1.000000000
12657 557 1.000000000
12662 548 1.000000000
12663 553 1.000000000
12667 468 1.000000000
12668 549 1.000000000
12669 554 1.000000000
12673 469 1.000000000
12674 550 1.000000000
12675 555 1.000000000
12679 470 1.000000000
12680 551 1.000000000
12681 556 1.000000000
12685 471 1.000000000
12686 552 1.000000000
12687 557 1.000000000
12782 558 1.000000000
12783 472 1.000000000
12787 473 1.000000000
12788 474 1.000000000
12789 474 1.000000000
12793 475 1.000000000
12794 476 1.000000000
12795 476 1.000000000
12799 477 1.000000000
12800 478 1.000000000
12801 478 1.000000000
12805 479 1.000000000
12806 480 1.000000000
12807 480 1.000000000
12811 481 1.000000000
12812 558 1.000000000
12813 482 1.000000000
12817 473 1.000000000
12818 559 1.000000000
12819 484 1.000000000
12823 475 1.000000000
12824 560 1.000000000
12825 486 1.000000000
12829 477 1.000000000
12830 561 1.000000000
12831 488 1.000000000
12835 479 1.000000000
12836 562 1.000000000
12837 490 1.000000000
12842 558 1.000000000
12843 482 1.000000000
12847 473 1.000000000
12848 559 1.000000000
12849 484 1.000000000
12853 475 1.000000000
12854 560 1.000000000
12855 486 1.000000000
12859 477 1.000000000
12860 561 1.000000000
12861 488 1.000000000
12865 479 1.000000000
12866 562 1.000000000
12867 490 1.000000000
12962 563 1.000000000
12963 491 1.000000000
12967 492 1.000000000
12968 493 1.000000000
12969 493 1.000000000
12973 494 1.000000000
12974 495 1.000000000
12975 495 1.000000000
12979 496 1.000000000
12980 497 1.000000000
12981 497 1.000000000
12985 498 1.000000000
12986 499 1.000000000
12987 499 1.000000000
12991 500 1.000000000
12992 563 1.000000000
12993 501 1.000000000
12997 492 1.000000000
12998 564 1.000000000
12999 503 1.000000000
13003 494 1.000000000
13004 565 1.000000000
13005 505 1.000000000
13009 496 1.000000000
13010 566 1.000000000
13011 507 1.000000000
13015 498 1.000000000
13016 567 1.000000000
13017 509 1.000000000
13022 563 1.000000000
13023 501 1.000000000
13027 492 1.000000000
13028 564 1.000000000
13029 503 1.000000000
13033 494 1.000000000
13034 565 1.000000000
13035 505 1.000000000
13039 496 1.000000000
13040 566 1.000000000
13041 507 1.000000000
13045 498 1.000000000
13046 567 1.000000000
13047 509 1.000000000
13111 420 1.000000000
13112 421 1.000000000
13113 422 1.000000000
13117 423 1.000000000
13118 424 1.000000000
13119 425 1.000000000
13123 426 1.000000000
13124 427 1.000000000
13125 428 1.000000000
13129 429 1.000000000
13130 430 1.000000000
13131 431 1.000000000
13135 432 1.000000000
13136 433 1.000000000
13137 434 1.000000000
13142 568 1.000000000
13143 510 1.000000000
13147 511 1.000000000
13148 512 1.000000000
13149 512 1.000000000
13153 513 1.000000000
13154 514 1.000000000
13155 514 1.000000000
13159 515 1.000000000
13160 516 1.000000000
13161 516 1.000000000
13165 517 1.000000000
13166 518 1.000000000
13167 518 1.000000000
13171 519 1.000000000
13172 568 1.000000000
13173 520 1.000000000
13177 511 1.000000000
13178 569 1.000000000
13179 522 1.000000000
13183 513 1.000000000
13184 570 1.000000000
13185 524 1.000000000
13189 515 1.000000000
13190 571 1.000000000
13191 526 1.000000000
13195 517 1.000000000
13196 572 1.000000000
13197 528 1.000000000
13202 568 1.000000000
13203 520 1.000000000
13207 511 1.000000000
13208 569 1.000000000
13209 522 1.000000000
13213 513 1.000000000
13214 570 1.000000000
13215 524 1.000000000
13219 515 1.000000000
13220 571 1.000000000
13221 526 1.000000000
13225 517 1.000000000
13226 572 1.000000000
13227 528 1.000000000
13322 573 1.000000000
13323 529 1.000000000
13327 530 1.000000000
13328 531 1.000000000
13329 531 1.000000000
13333 532 1.000000000
13334 533 1.000000000
13335 533 1.000000000
13339 534 1.000000000
13340 535 1.000000000
13341 535 1.000000000
13345 536 1.000000000
13346 537 1.000000000
13347 537 1.000000000
13351 538 1.000000000
13352 573 1.000000000
13353 539 1.000000000
13357 530 1.000000000
13358 574 1.000000000
13359 541 1.000000000
13363 532 1.000000000
13364 575 1.000000000
13365 543 1.000000000
13369 534 1.000000000
13370 576 1.000000000
13371 545 1.000000000
13375 536 1.000000000
13376 577 1.000000000
13377 547 1.000000000
13382 573 1.000000000
13383 539 1.000000000
13387 530 1.000000000
13388 574 1.000000000
13389 541 1.000000000
13393 532 1.000000000
13394 575 1.000000000
13395 543 1.000000000
13399 534 1.000000000
13400 576 1.000000000
13401 545 1.000000000
13405 536 1.000000000
13406 577 1.000000000
13407 547 1.000000000
16202 578 1.000000000
16208 579 1.000000000
16214 580 1.000000000
16220 581 1.000000000
16226 582 1.000000000
16231 583 1.000000000
16232 578 1.000000000
16233 584 1.000000000
16237 585 1.000000000
16238 579 1.000000000
16239 586 1.000000000
16243 587 1.000000000
16244 580 1.000000000
16245 588 1.000000000
16249 589 1.000000000
16250 581 1.000000000
16251 590 1.000000000
16255 591 1.000000000
16256 582 1.000000000
16257 592 1.000000000
16262 578 1.000000000
16263 584 1.000000000
16267 585 1.000000000
16268 579 1.000000000
16269 586 1.000000000
16273 587 1.000000000
16274 580 1.000000000
16275 588 1.000000000
16279 589 1.000000000
16280 581 1.000000000
16281 590 1.000000000
16285 591 1.000000000
16286 582 1.000000000
16287 592 1.000000000
16382 593 1.000000000
16383 593 1.000000000
16387 594 1.000000000
16388 594 1.000000000
16389 595 1.000000000
16393 596 1.000000000
16394 596 1.000000000
16395 597 1.000000000
16399 598 1.000000000
16400 598 1.000000000
16401 599 1.000000000
16405 600 1.000000000
16406 600 1.000000000
16407 601 1.000000000
16411 602 1.000000000
16412 602 1.000000000
16413 593 1.000000000
16417 594 1.000000000
16418 603 1.000000000
16419 595 1.000000000
16423 596 1.000000000
16424 604 1.000000000
16425 597 1.000000000
16429 598 1.000000000
16430 605 1.000000000
16431 599 1.000000000
16435 600 1.000000000
16436 606 1.000000000
16437 601 1.000000000
16442 602 1.000000000
16443 593 1.000000000
16447 594 1.000000000
16448 603 1.000000000
16449 595 1.000000000
16453 596 1.000000000
16454 604 1.000000000
16455 597 1.000000000
16459 598 1.000000000
16460 605 1.000000000
16461 599 1.000000000
16465 600 1.000000000
16466 606 1.000000000
16467 601 1.000000000
16562 607 1.000000000
16563 607 1.000000000
16567 608 1.000000000
16568 608 1.000000000
16569 609 1.000000000
16573 610 1.000000000
16574 610 1.000000000
16575 611 1.000000000
16579 612 1.000000000
16580 612 1.000000000
16581 613 1.000000000
16585 614 1.000000000
16586 614 1.000000000
16587 615 1.000000000
16591 616 1.000000000
16592 616 1.000000000
16593 607 1.000000000
16597 608 1.000000000
16598 617 1.000000000
16599 609 1.000000000
16603 610 1.000000000
16604 618 1.000000000
16605 611 1.000000000
16609 612 1.000000000
16610 619 1.000000000
16611 613 1.000000000
16615 614 1.000000000
16616 620 1.000000000
16617 615 1.000000000
16622 616 1.000000000
16623 607 1.000000000
16627 608 1.000000000
16628 617 1.000000000
16629 609 1.000000000
16633 610 1.000000000
16634 618 1.000000000
16635 611 1.000000000
16639 612 1.000000000
16640 619 1.000000000
16641 613 1.000000000
16645 614 1.000000000
16646 620 1.000000000
16647 615 1.000000000
16711 621 1.000000000
16712 622 1.000000000
16713 623 1.000000000
16717 624 1.000000000
16718 625 1.000000000
16719 626 1.000000000
16723 627 1.000000000
16724 628 1.000000000
16725 629 1.000000000
16729 630 1.000000000
16730 631 1.000000000
16731 632 1.000000000
16735 633 1.000000000
16736 634 1.000000000
16737 635 1.000000000
16742 636 1.000000000
16743 636 1.000000000
16747 637 1.000000000
16748 637 1.000000000
16749 638 1.000000000
16753 639 1.000000000
16754 639 1.000000000
16755 640 1.000000000
16759 641 1.000000000
16760 641 1.000000000
16761 642 1.000000000
16765 643 1.000000000
16766 643 1.000000000
16767 644 1.000000000
16771 645 1.000000000
16772 645 1.000000000
16773 636 1.000000000
16777 637 1.000000000
16778 646 1.000000000
16779 638 1.000000000
16783 639 1.000000000
16784 647 1.000000000
16785 640 1.000000000
16789 641 1.000000000
16790 648 1.000000000
16791 642 1.000000000
16795 643 1.000000000
16796 649 1.000000000
16797 644 1.000000000
16802 645 1.000000000
16803 636 1.000000000
16807 637 1.000000000
16808 646 1.000000000
16809 638 1.000000000
16813 639 1.000000000
16814 647 1.000000000
16815 640 1.000000000
16819 641 1.000000000
16820 648 1.000000000
16821 642 1.000000000
16825 643 1.000000000
16826 649 1.000000000
16827 644 1.000000000
16922 650 1.000000000
16923 650 1.000000000
16927 651 1.000000000
16928 651 1.000000000
16929 652 1.000000000
16933 653 1.000000000
16934 653 1.000000000
16935 654 1.000000000
16939 655 1.000000000
16940 655 1.000000000
16941 656 1.000000000
16945 657 1.000000000
16946 657 1.000000000
16947 658 1.000000000
16951 659 1.000000000
16952 659 1.000000000
16953 650 1.000000000
16957 651 1.000000000
16958 660 1.000000000
16959 652 1.000000000
16963 653 1.000000000
16964 661 1.000000000
16965 654 1.000000000
16969 655 1.000000000
16970 662 1.000000000
16971 656 1.000000000
16975 657 1.000000000
16976 663 1.000000000
16977 658 1.000000000
16982 659 1.000000000
16983 650 1.000000000
16987 651 1.000000000
16988 660 1.000000000
16989 652 1.000000000
16993 653 1.000000000
16994 661 1.000000000
16995 654 1.000000000
16999 655 1.000000000
17000 662 1.000000000
17001 656 1.000000000
17005 657 1.000000000
17006 663 1.000000000
17007 658 1.000000000
17102 664 1.000000000
17103 664 1.000000000
17107 585 1.000000000
17108 665 1.000000000
17109 665 1.000000000
17113 587 1.000000000
17114 666 1.000000000
17115 666 1.000000000
17119 589 1.000000000
17120 667 1.000000000
17121 667 1.000000000
17125 591 1.000000000
17126 668 1.000000000
17127 668 1.000000000
17131 583 1.000000000
17132 664 1.000000000
17133 584 1.000000000
17137 585 1.000000000
17138 665 1.000000000
17139 586 1.000000000
17143 587 1.000000000
17144 666 1.000000000
17145 588 1.000000000
17149 589 1.000000000
17150 667 1.000000000
17151 590 1.000000000
17155 591 1.000000000
17156 668 1.000000000
17157 592 1.000000000
17162 664 1.000000000
17163 584 1.000000000
17167 669 1.000000000
17168 665 1.000000000
17169 586 1.000000000
17173 670 1.000000000
17174 666 1.000000000
17175 588 1.000000000
17179 671 1.000000000
17180 667 1.000000000
17181 590 1.000000000
17185 672 1.000000000
17186 668 1.000000000
17187 592 1.000000000
17281 673 1.000000000
17282 673 1.000000000
17283 673 1.000000000
17287 674 1.000000000
17288 674 1.000000000
17289 595 1.000000000
17293 675 1.000000000
17294 675 1.000000000
17295 597 1.000000000
17299 676 1.000000000
17300 676 1.000000000
17301 599 1.000000000
17305 677 1.000000000
17306 677 1.000000000
17307 601 1.000000000
17311 678 1.000000000
17312 678 1.000000000
17313 679 1.000000000
17317 680 1.000000000
17318 603 1.000000000
17319 681 1.000000000
17323 682 1.000000000
17324 604 1.000000000
17325 683 1.000000000
17329 684 1.000000000
17330 605 1.000000000
17331 685 1.000000000
17335 686 1.000000000
17336 606 1.000000000
17337 687 1.000000000
17342 678 1.000000000
17343 679 1.000000000
17347 680 1.000000000
17348 603 1.000000000
17349 681 1.000000000
17353 682 1.000000000
17354 604 1.000000000
17355 683 1.000000000
17359 684 1.000000000
17360 605 1.000000000
17361 685 1.000000000
17365 686 1.000000000
17366 606 1.000000000
17367 687 1.000000000
17461 688 1.000000000
17462 688 1.000000000
17463 688 1.000000000
17467 689 1.000000000
17468 689 1.000000000
17469 609 1.000000000
17473 690 1.000000000
17474 690 1.000000000
17475 611 1.000000000
17479 691 1.000000000
17480 691 1.000000000
17481 613 1.000000000
17485 692 1.000000000
17486 692 1.000000000
17487 615 1.000000000
17491 693 1.000000000
17492 693 1.000000000
17493 694 1.000000000
17497 695 1.000000000
17498 617 1.000000000
17499 696 1.000000000
17503 697 1.000000000
17504 618 1.000000000
17505 698 1.000000000
17509 699 1.000000000
17510 619 1.000000000
17511 700 1.000000000
17515 701 1.000000000
17516 620 1.000000000
17517 702 1.000000000
17522 693 1.000000000
17523 694 1.000000000
17527 695 1.000000000
17528 617 1.000000000
17529 696 1.000000000
17533 697 1.000000000
17534 618 1.000000000
17535 698 1.000000000
17539 699 1.000000000
17540 619 1.000000000
17541 700 1.000000000
17545 701 1.000000000
17546 620 1.000000000
17547 702 1.000000000
17611 621 1.000000000
17612 622 1.000000000
17613 623 1.000000000
17617 624 1.000000000
17618 625 1.000000000
17619 626 1.000000000
17623 627 1.000000000
17624 628 1.000000000
17625 629 1.000000000
17629 630 1.000000000
17630 631 1.000000000
17631 632 1.000000000
17635 633 1.000000000
17636 634 1.000000000
17637 635 1.000000000
17641 703 1.000000000
17642 703 1.000000000
17643 703 1.000000000
17647 704 1.000000000
17648 705 1.000000000
17649 705 1.000000000
17653 706 1.000000000
17654 707 1.000000000
17655 707 1.000000000
17659 708 1.000000000
17660 709 1.000000000
17661 709 1.000000000
17665 710 1.000000000
17666 711 1.000000000
17667 711 1.000000000
17671 712 1.000000000
17672 712 1.000000000
17673 713 1.000000000
17677 714 1.000000000
17678 646 1.000000000
17679 715 1.000000000
17683 716 1.000000000
17684 647 1.000000000
17685 717 1.000000000
17689 718 1.000000000
17690 648 1.000000000
17691 719 1.000000000
17695 720 1.000000000
17696 649 1.000000000
17697 721 1.000000000
17702 712 1.000000000
17703 713 1.000000000
17707 714 1.000000000
17708 646 1.000000000
17709 715 1.000000000
17713 716 1.000000000
17714 647 1.000000000
17715 717 1.000000000
17719 718 1.000000000
17720 648 1.000000000
17721 719 1.000000000
17725 720 1.000000000
17726 649 1.000000000
17727 721 1.000000000
17821 722 1.000000000
17822 722 1.000000000
17823 722 1.000000000
17827 723 1.000000000
17828 723 1.000000000
17829 652 1.000000000
17833 724 1.000000000
17834 724 1.000000000
17835 654 1.000000000
17839 725 1.000000000
17840 725 1.000000000
17841 656 1.000000000
17845 726 1.000000000
17846 726 1.000000000
17847 658 1.000000000
17851 727 1.000000000
17852 727 1.000000000
17853 728 1.000000000
17857 729 1.000000000
17858 660 1.000000000
17859 730 1.000000000
17863 731 1.000000000
17864 661 1.000000000
17865 732 1.000000000
17869 733 1.000000000
17870 662 1.000000000
17871 734 1.000000000
17875 735 1.000000000
17876 663 1.000000000
17877 736 1.000000000
17882 727 1.000000000
17883 728 1.000000000
17887 729 1.000000000
17888 660 1.000000000
17889 730 1.000000000
17893 731 1.000000000
17894 661 1.000000000
17895 732 1.000000000
17899 733 1.000000000
17900 662 1.000000000
17901 734 1.000000000
17905 735 1.000000000
17906 663 1.000000000
17907 736 1.000000000
18002 737 1.000000000
18008 738 1.000000000
18014 739 1.000000000
18020 740 1.000000000
18026 741 1.000000000
18031 583 1.000000000
18032 737 1.000000000
18033 742 1.000000000
18037 669 1.000000000
18038 738 1.000000000
18039 743 1.000000000
18043 670 1.000000000
18044 739 1.000000000
18045 744 1.000000000
18049 671 1.000000000
18050 740 1.000000000
18051 745 1.000000000
18055 672 1.000000000
18056 741 1.000000000
18057 746 1.000000000
18062 737 1.000000000
18063 742 1.000000000
18067 669 1.000000000
18068 738 1.000000000
18069 743 1.000000000
18073 670 1.000000000
18074 739 1.000000000
18075 744 1.000000000
18079 671 1.000000000
18080 740 1.000000000
18081 745 1.000000000
18085 672 1.000000000
18086 741 1.000000000
18087 746 1.000000000
18182 747 1.000000000
18183 673 1.000000000
18187 674 1.000000000
18188 674 1.000000000
18189 681 1.000000000
18193 675 1.000000000
18194 675 1.000000000
18195 683 1.000000000
18199 676 1.000000000
18200 676 1.000000000
18201 685 1.000000000
18205 677 1.000000000
18206 677 1.000000000
18207 687 1.000000000
18211 678 1.000000000
18212 747 1.000000000
18213 679 1.000000000
18217 680 1.000000000
18218 748 1.000000000
18219 681 1.000000000
18223 682 1.000000000
18224 749 1.000000000
18225 683 1.000000000
18229 684 1.000000000
18230 750 1.000000000
18231 685 1.000000000
18235 686 1.000000000
18236 751 1.000000000
18237 687 1.000000000
18242 747 1.000000000
18243 679 1.000000000
18247 680 1.000000000
18248 748 1.000000000
18249 748 1.000000000
18253 682 1.000000000
18254 749 1.000000000
18255 749 1.000000000
18259 684 1.000000000
18260 750 1.000000000
18261 750 1.000000000
18265 686 1.000000000
18266 751 1.000000000
18267 751 1.000000000
18362 752 1.000000000
18363 688 1.000000000
18367 689 1.000000000
18368 689 1.000000000
18369 696 1.000000000
18373 690 1.000000000
18374 690 1.000000000
18375 698 1.000000000
18379 691 1.000000000
18380 691 1.000000000
18381 700 1.000000000
18385 692 1.000000000
18386 692 1.000000000
18387 702 1.000000000
18391 693 1.000000000
18392 752 1.000000000
18393 694 1.000000000
18397 695 1.000000000
18398 753 1.000000000
18399 696 1.000000000
18403 697 1.000000000
18404 754 1.000000000
18405 698 1.000000000
18409 699 1.000000000
18410 755 1.000000000
18411 700 1.000000000
18415 701 1.000000000
18416 756 1.000000000
18417 702 1.000000000
18422 752 1.000000000
18423 694 1.000000000
18427 695 1.000000000
18428 753 1.000000000
18429 753 1.000000000
18433 697 1.000000000
18434 754 1.000000000
18435 754 1.000000000
18439 699 1.000000000
18440 755 1.000000000
18441 755 1.000000000
18445 701 1.000000000
18446 756 1.000000000
18447 756 1.000000000
18511 621 1.000000000
18512 622 1.000000000
18513 623 1.000000000
18517 624 1.000000000
18518 625 1.000000000
18519 626 1.000000000
18523 627 1.000000000
18524 628 1.000000000
18525 629 1.000000000
18529 630 1.000000000
18530 631 1.000000000
18531 632 1.000000000
18535 633 1.000000000
18536 634 1.000000000
18537 635 1.000000000
18542 757 1.000000000
18543 703 1.000000000
18547 704 1.000000000
18548 705 1.000000000
18549 705 1.000000000
18553 706 1.000000000
18554 707 1.000000000
18555 707 1.000000000
18559 708 1.000000000
18560 709 1.000000000
18561 709 1.000000000
18565 710 1.000000000
18566 711 1.000000000
18567 711 1.000000000
18571 712 1.000000000
18572 757 1.000000000
18573 713 1.000000000
18577 704 1.000000000
18578 758 1.000000000
18579 715 1.000000000
18583 706 1.000000000
18584 759 1.000000000
18585 717 1.000000000
18589 708 1.000000000
18590 760 1.000000000
18591 719 1.000000000
18595 710 1.000000000
18596 761 1.000000000
18597 721 1.000000000
18602 757 1.000000000
18603 713 1.000000000
18607 704 1.000000000
18608 758 1.000000000
18609 715 1.000000000
18613 706 1.000000000
18614 759 1.000000000
18615 717 1.000000000
18619 708 1.000000000
18620 760 1.000000000
18621 719 1.000000000
18625 710 1.000000000
18626 761 1.000000000
18627 721 1.000000000
18722 762 1.000000000
18723 722 1.000000000
18727 723 1.000000000
18728 723 1.000000000
18729 730 1.000000000
18733 724 1.000000000
18734 724 1.000000000
18735 732 1.000000000
18739 725 1.000000000
18740 725 1.000000000
18741 734 1.000000000
18745 726 1.000000000
18746 726 1.000000000
18747 736 1.000000000
18751 727 1.000000000
18752 762 1.000000000
18753 728 1.000000000
18757 729 1.000000000
18758 763 1.000000000
18759 730 1.000000000
18763 731 1.000000000
18764 764 1.000000000
18765 732 1.000000000
18769 733 1.000000000
18770 765 1.000000000
18771 734 1.000000000
18775 735 1.000000000
18776 766 1.000000000
18777 736 1.000000000
18782 762 1.000000000
18783 728 1.000000000
18787 729 1.000000000
18788 763 1.000000000
18789 763 1.000000000
18793 731 1.000000000
18794 764 1.000000000
18795 764 1.000000000
18799 733 1.000000000
18800 765 1.000000000
18801 765 1.000000000
18805 735 1.000000000
18806 766 1.000000000
18807 766 1.000000000
21602 767 1.000000000
21608 768 1.000000000
21614 769 1.000000000
21620 770 1.000000000
21626 771 1.000000000
21631 772 1.000000000
21632 767 1.000000000
21633 773 1.000000000
21637 774 1.000000000
21638 768 1.000000000
21639 775 1.000000000
21643 776 1.000000000
21644 769 1.000000000
21645 777 1.000000000
21649 778 1.000000000
21650 770 1.000000000
21651 779 1.000000000
21655 780 1.000000000
21656 771 1.000000000
21657 781 1.000000000
21662 767 1.000000000
21663 773 1.000000000
21667 774 1.000000000
21668 768 1.000000000
21669 775 1.000000000
21673 776 1.000000000
21674 769 1.000000000
21675 777 1.000000000
21679 778 1.000000000
21680 770 1.000000000
21681 779 1.000000000
21685 780 1.000000000
21686 771 1.000000000
21687 781 1.000000000
21782 782 1.000000000
21783 782 1.000000000
21787 783 1.000000000
21788 783 1.000000000
21789 784 1.000000000
21793 785 1.000000000
21794 785 1.000000000
21795 786 1.000000000
21799 787 1.000000000
21800 787 1.000000000
21801 788 1.000000000
21805 789 1.000000000
21806 789 1.000000000
21807 790 1.000000000
21811 791 1.000000000
21812 791 1.000000000
21813 782 1.000000000
21817 783 1.000000000
21818 792 1.000000000
21819 784 1.000000000
21823 785 1.000000000
21824 793 1.000000000
21825 786 1.000000000
21829 787 1.000000000
21830 794 1.000000000
21831 788 1.000000000
21835 789 1.000000000
21836 795 1.000000000
21837 790 1.000000000
21842 791 1.000000000
21843 782 1.000000000
21847 783 1.000000000
21848 792 1.000000000
21849 784 1.000000000
21853 785 1.000000000
21854 793 1.000000000
21855 786 1.000000000
21859 787 1.000000000
21860 794 1.000000000
21861 788 1.000000000
21865 789 1.000000000
21866 795 1.000000000
21867 790 1.000000000
21962 796 1.000000000
21963 796 1.000000000
21967 797 1.000000000
21968 797 1.000000000
21969 798 1.000000000
21973 799 1.000000000
21974 799 1.000000000
21975 800 1.000000000
21979 801 1.000000000
21980 801 1.000000000
21981 802 1.000000000
21985 803 1.000000000
21986 803 1.000000000
21987 804 1.000000000
21991 805 1.000000000
21992 805 1.000000000
21993 796 1.000000000
21997 797 1.000000000
21998 806 1.000000000
21999 798 1.000000000
22003 799 1.000000000
22004 807 1.000000000
22005 800 1.000000000
22009 801 1.000000000
22010 808 1.000000000
22011 802 1.000000000
22015 803 1.000000000
22016 809 1.000000000
22017 804 1.000000000
22022 805 1.000000000
22023 796 1.000000000
22027 797 1.000000000
22028 806 1.000000000
22029 798 1.000000000
22033 799 1.000000000
22034 807 1.000000000
22035 800 1.000000000
22039 801 1.000000000
22040 808 1.000000000
22041 802 1.000000000
22045 803 1.000000000
22046 809 1.000000000
22047 804 1.000000000
22111 810 1.000000000
22112 811 1.000000000
22113 812 1.000000000
22117 813 1.000000000
22118 814 1.000000000
22119 815 1.000000000
22123 816 1.000000000
22124 817 1.000000000
22125 818 1.000000000
22129 819 1.000000000
22130 820 1.000000000
22131 821 1.000000000
22135 822 1.000000000
22136 823 1.000000000
22137 824 1.000000000
22142 825 1.000000000
22143 825 1.000000000
22147 826 1.000000000
22148 826 1.000000000
22149 827 1.000000000
22153 828 1.000000000
22154 828 1.000000000
22155 829 1.000000000
22159 830 1.000000000
22160 830 1.000000000
22161 831 1.000000000
22165 832 1.000000000
22166 832 1.000000000
22167 833 1.000000000
22171 834 1.000000000
22172 834 1.000000000
22173 825 1.000000000
22177 826 1.000000000
22178 835 1.000000000
22179 827 1.000000000
22183 828 1.000000000
22184 836 1.000000000
22185 829 1.000000000
22189 830 1.000000000
22190 837 1.000000000
22191 831 1.000000000
22195 832 1.000000000
22196 838 1.000000000
22197 833 1.000000000
22202 834 1.000000000
22203 825 1.000000000
22207 826 1.000000000
22208 835 1.000000000
22209 827 1.000000000
22213 828 1.000000000
22214 836 1.000000000
22215 829 1.000000000
22219 830 1.000000000
22220 837 1.000000000
22221 831 1.000000000
22225 832 1.000000000
22226 838 1.000000000
22227 833 1.000000000
22322 839 1.000000000
22323 839 1.000000000
22327 840 1.000000000
22328 840 1.000000000
22329 841 1.000000000
22333 842 1.000000000
22334 842 1.000000000
22335 843 1.000000000
22339 844 1.000000000
22340 844 1.000000000
22341 845 1.000000000
22345 846 1.000000000
22346 846 1.000000000
22347 847 1.000000000
22351 848 1.000000000
22352 848 1.000000000
22353 839 1.000000000
22357 840 1.000000000
22358 849 1.000000000
22359 841 1.000000000
22363 842 1.000000000
22364 850 1.000000000
22365 843 1.000000000
22369 844 1.000000000
22370 851 1.000000000
22371 845 1.000000000
22375 846 1.000000000
22376 852 1.000000000
22377 847 1.000000000
22382 848 1.000000000
22383 839 1.000000000
22387 840 1.000000000
22388 849 1.000000000
22389 841 1.000000000
22393 842 1.000000000
22394 850 1.000000000
22395 843 1.000000000
22399 844 1.000000000
22400 851 1.000000000
22401 845 1.000000000
22405 846 1.000000000
22406 852 1.000000000
22407 847 1.000000000
22502 853 1.000000000
22503 853 1.000000000
22507 774 1.000000000
22508 854 1.000000000
22509 854 1.000000000
22513 776 1.000000000
22514 855 1.000000000
22515 855 1.000000000
22519 778 1.000000000
22520 856 1.000000000
22521 856 1.000000000
22525 780 1.000000000
22526 857 1.000000000
22527 857 1.000000000
22531 772 1.000000000
22532 853 1.000000000
22533 773 1.000000000
22537 774 1.000000000
22538 854 1.000000000
22539 775 1.000000000
22543 776 1.000000000
22544 855 1.000000000
22545 777 1.000000000
22549 778 1.000000000
22550 856 1.000000000
22551 779 1.000000000
22555 780 1.000000000
22556 857 1.000000000
22557 781 1.000000000
22562 853 1.000000000
22563 773 1.000000000
22567 858 1.000000000
22568 854 1.000000000
22569 775 1.000000000
22573 859 1.000000000
22574 855 1.000000000
22575 777 1.000000000
22579 860 1.000000000
22580 856 1.000000000
22581 779 1.000000000
22585 861 1.000000000
22586 857 1.000000000
22587 781 1.000000000
22681 862 1.000000000
22682 862 1.000000000
22683 862 1.000000000
22687 863 1.000000000
22688 864 1.000000000
22689 864 1.000000000
22693 865 1.000000000
22694 866 1.000000000
22695 866 1.000000000
22699 867 1.000000000
22700 868 1.000000000
22701 868 1.000000000
22705 869 1.000000000
22706 870 1.000000000
22707 870 1.000000000
22711 871 1.000000000
22712 871 1.000000000
22713 872 1.000000000
22717 873 1.000000000
22718 792 1.000000000
22719 874 1.000000000
22723 875 1.000000000
22724 793 1.000000000
22725 876 1.000000000
22729 877 1.000000000
22730 794 1.000000000
22731 878 1.000000000
22735 879 1.000000000
22736 795 1.000000000
22737 880 1.000000000
22742 871 1.000000000
22743 872 1.000000000
22747 873 1.000000000
22748 792 1.000000000
22749 874 1.000000000
22753 875 1.000000000
22754 793 1.000000000
22755 876 1.000000000
22759 877 1.000000000
22760 794 1.000000000
22761 878 1.000000000
22765 879 1.000000000
22766 795 1.000000000
22767 880 1.000000000
22861 881 1.000000000
22862 881 1.000000000
22863 881 1.000000000
22867 882 1.000000000
22868 883 1.000000000
22869 883 1.000000000
22873 884 1.000000000
22874 885 1.000000000
22875 885 1.000000000
22879 886 1.000000000
22880 887 1.000000000
22881 887 1.000000000
22885 888 1.000000000
22886 889 1.000000000
22887 889 1.000000000
22891 890 1.000000000
22892 890 1.000000000
22893 891 1.000000000
22897 892 1.000000000
22898 806 1.000000000
22899 893 1.000000000
22903 894 1.000000000
22904 807 1.000000000
22905 895 1.000000000
22909 896 1.000000000
22910 808 1.000000000
22911 897 1.000000000
22915 898 1.000000000
22916 809 1.000000000
22917 899 1.000000000
22922 890 1.000000000
22923 891 1.000000000
22927 892 1.000000000
22928 806 1.000000000
22929 893 1.000000000
22933 894 1.000000000
22934 807 1.000000000
22935 895 1.000000000
22939 896 1.000000000
22940 808 1.000000000
22941 897 1.000000000
22945 898 1.000000000
22946 809 1.000000000
22947 899 1.000000000
23011 810 1.000000000
23012 811 1.000000000
23013 812 1.000000000
23017 813 1.000000000
23018 814 1.000000000
23019 815 1.000000000
23023 816 1.000000000
23024 817 1.000000000
23025 818 1.000000000
23029 819 1.000000000
23030 820 1.000000000
23031 821 1.000000000
23035 822 1.000000000
23036 823 1.000000000
23037 824 1.000000000
23041 900 1.000000000
23042 900 1.000000000
23043 900 1.000000000
23047 901 1.000000000
23048 902 1.000000000
23049 902 1.000000000
23053 903 1.000000000
23054 904 1.000000000
23055 904 1.000000000
23059 905 1.000000000
23060 906 1.000000000
23061 906 1.000000000
23065 907 1.000000000
23066 908 1.000000000
23067 908 1.000000000
23071 909 1.000000000
23072 909 1.000000000
23073 910 1.000000000
23077 911 1.000000000
23078 835 1.000000000
23079 912 1.000000000
23083 913 1.000000000
23084 836 1.000000000
23085 914 1.000000000
23089 915 1.000000000
23090 837 1.000000000
23091 916 1.000000000
23095 917 1.000000000
23096 838 1.000000000
23097 918 1.000000000
23102 909 1.000000000
23103 910 1.000000000
23107 911 1.000000000
23108 835 1.000000000
23109 912 1.000000000
23113 913 1.000000000
23114 836 1.000000000
23115 914 1.000000000
23119 915 1.000000000
23120 837 1.000000000
23121 916 1.000000000
23125 917 1.000000000
23126 838 1.000000000
23127 918 1.000000000
23221 919 1.000000000
23222 919 1.000000000
23223 919 1.000000000
23227 920 1.000000000
23228 921 1.000000000
23229 921 1.000000000
23233 922 1.000000000
23234 923 1.000000000
23235 923 1.000000000
23239 924 1.000000000
23240 925 1.000000000
23241 925 1.000000000
23245 926 1.000000000
23246 927 1.000000000
23247 927 1.000000000
23251 928 1.000000000
23252 928 1.000000000
23253 929 1.000000000
23257 930 1.000000000
23258 849 1.000000000
23259 931 1.000000000
23263 932 1.000000000
23264 850 1.000000000
23265 933 1.000000000
23269 934 1.000000000
23270 851 1.000000000
23271 935 1.000000000
23275 936 1.000000000
23276 852 1.000000000
23277 937 1.000000000
23282 928 1.000000000
23283 929 1.000000000
23287 930 1.000000000
23288 849 1.000000000
23289 931 1.000000000
23293 932 1.000000000
23294 850 1.000000000
23295 933 1.000000000
23299 934 1.000000000
23300 851 1.000000000
23301 935 1.000000000
23305 936 1.000000000
23306 852 1.000000000
23307 937 1.000000000
23402 938 1.000000000
23408 939 1.000000000
23414 940 1.000000000
23420 941 1.000000000
23426 942 1.000000000
23431 772 1.000000000
23432 938 1.000000000
23433 943 1.000000000
23437 858 1.000000000
23438 939 1.000000000
23439 944 1.000000000
23443 859 1.000000000
23444 940 1.000000000
23445 945 1.000000000
23449 860 1.000000000
23450 941 1.000000000
23451 946 1.000000000
23455 861 1.000000000
23456 942 1.000000000
23457 947 1.000000000
23462 938 1.000000000
23463 943 1.000000000
23467 858 1.000000000
23468 939 1.000000000
23469 944 1.000000000
23473 859 1.000000000
23474 940 1.000000000
23475 945 1.000000000
23479 860 1.000000000
23480 941 1.000000000
23481 946 1.000000000
23485 861 1.000000000
23486 942 1.000000000
23487 947 1.000000000
23582 948 1.000000000
23583 862 1.000000000
23587 863 1.000000000
23588 864 1.000000000
23589 864 1.000000000
23593 865 1.000000000
23594 866 1.000000000
23595 866 1.000000000
23599 867 1.000000000
23600 868 1.000000000
23601 868 1.000000000
23605 869 1.000000000
23606 870 1.000000000
23607 870 1.000000000
23611 871 1.000000000
23612 948 1.000000000
23613 872 1.000000000
23617 863 1.000000000
23618 949 1.000000000
23619 874 1.000000000
23623 865 1.000000000
23624 950 1.000000000
23625 876 1.000000000
23629 867 1.000000000
23630 951 1.000000000
23631 878 1.000000000
23635 869 1.000000000
23636 952 1.000000000
23637 880 1.000000000
23642 948 1.000000000
23643 872 1.000000000
23647 863 1.000000000
23648 949 1.000000000
23649 874 1.000000000
23653 865 1.000000000
23654 950 1.000000000
23655 876 1.000000000
23659 867 1.000000000
23660 951 1.000000000
23661 878 1.000000000
23665 869 1.000000000
23666 952 1.000000000
23667 880 1.000000000
23762 953 1.000000000
23763 881 1.000000000
23767 882 1.000000000
23768 883 1.000000000
23769 883 1.000000000
23773 884 1.000000000
23774 885 1.000000000
23775 885 1.000000000
23779 886 1.000000000
23780 887 1.000000000
23781 887 1.000000000
23785 888 1.000000000
23786 889 1.000000000
23787 889 1.000000000
23791 890 1.000000000
23792 953 1.000000000
23793 891 1.000000000
23797 882 1.000000000
23798 954 1.000000000
23799 893 1.000000000
23803 884 1.000000000
23804 955 1.000000000
23805 895 1.000000000
23809 886 1.000000000
23810 956 1.000000000
23811 897 1.000000000
23815 888 1.000000000
23816 957 1.000000000
23817 899 1.000000000
23822 953 1.000000000
23823 891 1.000000000
23827 882 1.000000000
23828 954 1.000000000
23829 893 1.000000000
23833 884 1.000000000
23834 955 1.000000000
23835 895 1.000000000
23839 886 1.000000000
23840 956 1.000000000
23841 897 1.000000000
23845 888 1.000000000
23846 957 1.000000000
23847 899 1.000000000
23911 810 1.000000000
23912 811 1.000000000
23913 812 1.000000000
23917 813 1.000000000
23918 814 1.000000000
23919 815 1.000000000
23923 816 1.000000000
23924 817 1.000000000
23925 818 1.000000000
23929 819 1.000000000
23930 820 1.000000000
23931 821 1.000000000
23935 822 1.000000000
23936 823 1.000000000
23937 824 1.000000000
23942 958 1.000000000
23943 900 1.000000000
23947 901 1.000000000
23948 902 1.000000000
23949 902 1.000000000
23953 903 1.000000000
23954 904 1.000000000
23955 904 1.000000000
23959 905 1.000000000
23960 906 1.000000000
23961 906 1.000000000
23965 907 1.000000000
23966 908 1.000000000
23967 908 1.000000000
23971 909 1.000000000
23972 958 1.000000000
23973 910 1.000000000
23977 901 1.000000000
23978 959 1.000000000
23979 912 1.000000000
23983 903 1.000000000
23984 960 1.000000000
23985 914 1.000000000
23989 905 1.000000000
23990 961 1.000000000
23991 916 1.000000000
23995 907 1.000000000
23996 962 1.000000000
23997 918 1.000000000
24002 958 1.000000000
24003 910 1.000000000
24007 901 1.000000000
24008 959 1.000000000
24009 912 1.000000000
24013 903 1.000000000
24014 960 1.000000000
24015 914 1.000000000
24019 905 1.000000000
24020 961 1.000000000
24021 916 1.000000000
24025 907 1.000000000
24026 962 1.000000000
24027 918 1.000000000
24122 963 1.000000000
24123 919 1.000000000
24127 920 1.000000000
24128 921 1.000000000
24129 921 1.000000000
24133 922 1.000000000
24134 923 1.000000000
24135 923 1.000000000
24139 924 1.000000000
24140 925 1.000000000
24141 925 1.000000000
24145 926 1.000000000
24146 927 1.000000000
24147 927 1.000000000
24151 928 1.000000000
24152 963 1.000000000
24153 929 1.000000000
24157 920 1.000000000
24158 964 1.000000000
24159 931 1.000000000
24163 922 1.000000000
24164 965 1.000000000
24165 933 1.000000000
24169 924 1.000000000
24170 966 1.000000000
24171 935 1.000000000
24175 926 1.000000000
24176 967 1.000000000
24177 937 1.000000000
24182 963 1.000000000
24183 929 1.000000000
24187 920 1.000000000
24188 964 1.000000000
24189 931 1.000000000
24193 922 1.000000000
24194 965 1.000000000
24195 933 1.000000000
24199 924 1.000000000
24200 966 1.000000000
24201 935 1.000000000
24205 926 1.000000000
24206 967 1.000000000
24207 937 1.000000000
27000 967 0.000000000
