407 406
409 408
411 410
413 412
415 414
833 832
835 834
837 836
839 838
841 840
843 842
845 844
847 846
849 848
851 850
853 852
855 854
857 856
859 858
861 860
863 862
6720 6719
6722 6721
6724 6723
6726 6725
6728 6727
6730 6729
6732 6731
6734 6733
6736 6735
6738 6737
6740 6739
6742 6741
6744 6743
6746 6745
6748 6747
6750 6749
6465 6464
6467 6466
6469 6468
6471 6470
6473 6472
6475 6474
6477 6476
6479 6478
6481 6480
6483 6482
6485 6484
6487 6486
6489 6488
6491 6490
6493 6492
6495 6494
6336 6335
6338 6337
6340 6339
6342 6341
6344 6343
6346 6345
6348 6347
6350 6349
6352 6351
6354 6353
6356 6355
6358 6357
6360 6359
6362 6361
6364 6363
6366 6365
352 351
354 353
356 355
358 357
360 359
362 361
364 363
366 365
368 367
370 369
372 371
374 373
376 375
378 377
380 379
382 381
3168 3167
3170 3169
3172 3171
3174 3173
3176 3175
3178 3177
3180 3179
3182 3181
3184 3183
3186 3185
3188 3187
3190 3189
3192 3191
3194 3193
3196 3195
3198 3197
3681 3680
3683 3682
3685 3684
3687 3686
3689 3688
3691 3690
3693 3692
3695 3694
3697 3696
3702 3701
3704 3703
3706 3705
3708 3707
3710 3709
609 608
611 610
613 612
615 614
617 616
619 618
621 620
623 622
625 624
627 626
629 628
631 630
633 632
635 634
637 636
639 638
257 256
259 258
261 260
263 262
265 264
267 266
269 268
271 270
273 272
275 274
277 276
279 278
281 280
283 282
285 284
287 286
6752 6751
6754 6753
6756 6755
6758 6757
6760 6759
6762 6761
6764 6763
6766 6765
6768 6767
6770 6769
6772 6771
6774 6773
6776 6775
6778 6777
6780 6779
6782 6781
897 896
902 901
904 903
906 905
908 907
910 909
912 911
914 913
916 915
918 917
920 919
922 921
924 923
926 925
641 640
643 642
645 644
647 646
649 648
651 650
653 652
655 654
657 656
659 658
661 660
663 662
665 664
667 666
669 668
671 670
768 767
770 769
772 771
774 773
776 775
778 777
780 779
782 781
784 783
786 785
788 787
790 789
792 791
794 793
796 795
798 797
6944 6943
6946 6945
6948 6947
6950 6949
6952 6951
6954 6953
6956 6955
6958 6957
6960 6959
6962 6961
6964 6963
6966 6965
6968 6967
6970 6969
6972 6971
6974 6973
3203 3202
3205 3204
3207 3206
3209 3208
3211 3210
3213 3212
3215 3214
3217 3216
3219 3218
3221 3220
3223 3222
3225 3224
3227 3226
3229 3228
3231 3230
736 735
738 737
740 739
742 741
744 743
746 745
748 747
750 749
752 751
754 753
756 755
758 757
760 759
762 761
764 763
766 765
6241 6240
6243 6242
6245 6244
6247 6246
6249 6248
6251 6250
6253 6252
6255 6254
6257 6256
6259 6258
6261 6260
6263 6262
6265 6264
6267 6266
6269 6268
6271 6270
3489 3488
3491 3490
3493 3492
3495 3494
3497 3496
3502 3501
3504 3503
3506 3505
3508 3507
3510 3509
3512 3511
3514 3513
3516 3515
3518 3517
481 480
483 482
485 484
487 486
489 488
491 490
493 492
495 494
497 496
502 501
504 503
506 505
508 507
510 509
7073 7072
7075 7074
7077 7076
7079 7078
7081 7080
7083 7082
7085 7084
7087 7086
7089 7088
7091 7090
7093 7092
7095 7094
7097 7096
7102 7101
6592 6591
6594 6593
6596 6595
6598 6597
6603 6602
6605 6604
6607 6606
6609 6608
6611 6610
6613 6612
6615 6614
6617 6616
6619 6618
6621 6620
6623 6622
6403 6402
6405 6404
6407 6406
6409 6408
6411 6410
6413 6412
6415 6414
6417 6416
6419 6418
6421 6420
6423 6422
6425 6424
6427 6426
6429 6428
6431 6430
6912 6911
6914 6913
6916 6915
6918 6917
6920 6919
6922 6921
6924 6923
6926 6925
6928 6927
6930 6929
6932 6931
6934 6933
6936 6935
6938 6937
6940 6939
6942 6941
6849 6848
6851 6850
6853 6852
6855 6854
6857 6856
6859 6858
6861 6860
6863 6862
6865 6864
6867 6866
6869 6868
6871 6870
6873 6872
6875 6874
6877 6876
6879 6878
6625 6624
6627 6626
6629 6628
6631 6630
6633 6632
6635 6634
6637 6636
6639 6638
6641 6640
6643 6642
6645 6644
6647 6646
6649 6648
6651 6650
6653 6652
6655 6654
6881 6880
6883 6882
6885 6884
6887 6886
6889 6888
6891 6890
6893 6892
6895 6894
6897 6896
6902 6901
6904 6903
6906 6905
6908 6907
6910 6909
4003 4002
4005 4004
4007 4006
4009 4008
4011 4010
4013 4012
4015 4014
4017 4016
4019 4018
4021 4020
4023 4022
4025 4024
4027 4026
4029 4028
4031 4030
6817 6816
6819 6818
6821 6820
6823 6822
6825 6824
6827 6826
6829 6828
6831 6830
6833 6832
6835 6834
6837 6836
6839 6838
6841 6840
6843 6842
6845 6844
6847 6846
992 991
994 993
996 995
998 997
1003 1002
1005 1004
1007 1006
1009 1008
1011 1010
1013 1012
1015 1014
1017 1016
1019 1018
1021 1020
1023 1022
3649 3648
3651 3650
3653 3652
3655 3654
3657 3656
3659 3658
3661 3660
3663 3662
3665 3664
3667 3666
3669 3668
3671 3670
3673 3672
3675 3674
3677 3676
3679 3678
6368 6367
6370 6369
6372 6371
6374 6373
6376 6375
6378 6377
6380 6379
6382 6381
6384 6383
6386 6385
6388 6387
6390 6389
6392 6391
6394 6393
6396 6395
6398 6397
865 864
867 866
869 868
871 870
873 872
875 874
877 876
879 878
881 880
883 882
885 884
887 886
889 888
891 890
893 892
895 894
3104 3103
3106 3105
3108 3107
3110 3109
3112 3111
3114 3113
3116 3115
3118 3117
3120 3119
3122 3121
3124 3123
3126 3125
3128 3127
3130 3129
3132 3131
3134 3133
3265 3264
3267 3266
3269 3268
3271 3270
3273 3272
3275 3274
3277 3276
3279 3278
3281 3280
3283 3282
3285 3284
3287 3286
3289 3288
3291 3290
3293 3292
3295 3294
3520 3519
3522 3521
3524 3523
3526 3525
3528 3527
3530 3529
3532 3531
3534 3533
3536 3535
3538 3537
3540 3539
3542 3541
3544 3543
3546 3545
3548 3547
3550 3549
3936 3935
3938 3937
3940 3939
3942 3941
3944 3943
3946 3945
3948 3947
3950 3949
3952 3951
3954 3953
3956 3955
3958 3957
3960 3959
3962 3961
3964 3963
3966 3965
3584 3583
3586 3585
3588 3587
3590 3589
3592 3591
3594 3593
3596 3595
3598 3597
3603 3602
3605 3604
3607 3606
3609 3608
3611 3610
3613 3612
3615 3614
3552 3551
3554 3553
3556 3555
3558 3557
3560 3559
3562 3561
3564 3563
3566 3565
3568 3567
3570 3569
3572 3571
3574 3573
3576 3575
3578 3577
3580 3579
3582 3581
7041 7040
7043 7042
7045 7044
7047 7046
7049 7048
7051 7050
7053 7052
7055 7054
7057 7056
7059 7058
7061 7060
7063 7062
7065 7064
7067 7066
7069 7068
7071 7070
3328 3327
3330 3329
3332 3331
3334 3333
3336 3335
3338 3337
3340 3339
3342 3341
3344 3343
3346 3345
3348 3347
3350 3349
3352 3351
3354 3353
3356 3355
3358 3357
7136 7135
7138 7137
7140 7139
7142 7141
7144 7143
7146 7145
7148 7147
7150 7149
7152 7151
7154 7153
7156 7155
7158 7157
7160 7159
7162 7161
7164 7163
7166 7165
6657 6656
6659 6658
6661 6660
6663 6662
6665 6664
6667 6666
6669 6668
6671 6670
6673 6672
6675 6674
6677 6676
6679 6678
6681 6680
6683 6682
6685 6684
6687 6686
6976 6975
6978 6977
6980 6979
6982 6981
6984 6983
6986 6985
6988 6987
6990 6989
6992 6991
6994 6993
6996 6995
6998 6997
7003 7002
7005 7004
7007 7006
7489 7488
7491 7490
7493 7492
7495 7494
7497 7496
7502 7501
7504 7503
7506 7505
7508 7507
7510 7509
7512 7511
7514 7513
7516 7515
7518 7517
1473 1472
1475 1474
1477 1476
1479 1478
1481 1480
1483 1482
1485 1484
1487 1486
1489 1488
1491 1490
1493 1492
1495 1494
1497 1496
1502 1501
3841 3840
3843 3842
3845 3844
3847 3846
3849 3848
3851 3850
3853 3852
3855 3854
3857 3856
3859 3858
3861 3860
3863 3862
3865 3864
3867 3866
3869 3868
3871 3870
3425 3424
3427 3426
3429 3428
3431 3430
3433 3432
3435 3434
3437 3436
3439 3438
3441 3440
3443 3442
3445 3444
3447 3446
3449 3448
3451 3450
3453 3452
3455 3454
7360 7359
7362 7361
7364 7363
7366 7365
7368 7367
7370 7369
7372 7371
7374 7373
7376 7375
7378 7377
7380 7379
7382 7381
7384 7383
7386 7385
7388 7387
7390 7389
3457 3456
3459 3458
3461 3460
3463 3462
3465 3464
3467 3466
3469 3468
3471 3470
3473 3472
3475 3474
3477 3476
3479 3478
3481 3480
3483 3482
3485 3484
3487 3486
7104 7103
7106 7105
7108 7107
7110 7109
7112 7111
7114 7113
7116 7115
7118 7117
7120 7119
7122 7121
7124 7123
7126 7125
7128 7127
7130 7129
7132 7131
7134 7133
3744 3743
3746 3745
3748 3747
3750 3749
3752 3751
3754 3753
3756 3755
3758 3757
3760 3759
3762 3761
3764 3763
3766 3765
3768 3767
3770 3769
3772 3771
3774 3773
7297 7296
7302 7301
7304 7303
7306 7305
7308 7307
7310 7309
7312 7311
7314 7313
7316 7315
7318 7317
7320 7319
7322 7321
7324 7323
7326 7325
1120 1119
1122 1121
1124 1123
1126 1125
1128 1127
1130 1129
1132 1131
1134 1133
1136 1135
1138 1137
1140 1139
1142 1141
1144 1143
1146 1145
1148 1147
1150 1149
3904 3903
3906 3905
3908 3907
3910 3909
3912 3911
3914 3913
3916 3915
3918 3917
3920 3919
3922 3921
3924 3923
3926 3925
3928 3927
3930 3929
3932 3931
3934 3933
7873 7872
7875 7874
7877 7876
7879 7878
7881 7880
7883 7882
7885 7884
7887 7886
7889 7888
7891 7890
7893 7892
7895 7894
7897 7896
7902 7901
3392 3391
3394 3393
3396 3395
3398 3397
3403 3402
3405 3404
3407 3406
3409 3408
3411 3410
3413 3412
3415 3414
3417 3416
3419 3418
3421 3420
3423 3422
7681 7680
7683 7682
7685 7684
7687 7686
7689 7688
7691 7690
7693 7692
7695 7694
7697 7696
7702 7701
7704 7703
7706 7705
7708 7707
7710 7709
1281 1280
1283 1282
1285 1284
1287 1286
1289 1288
1291 1290
1293 1292
1295 1294
1297 1296
1302 1301
1304 1303
1306 1305
1308 1307
1310 1309
1760 1759
1762 1761
1764 1763
1766 1765
1768 1767
1770 1769
1772 1771
1774 1773
1776 1775
1778 1777
1780 1779
1782 1781
1784 1783
1786 1785
1788 1787
1790 1789
7617 7616
7619 7618
7621 7620
7623 7622
7625 7624
7627 7626
7629 7628
7631 7630
7633 7632
7635 7634
7637 7636
7639 7638
7641 7640
7643 7642
7645 7644
7647 7646
3233 3232
3235 3234
3237 3236
3239 3238
3241 3240
3243 3242
3245 3244
3247 3246
3249 3248
3251 3250
3253 3252
3255 3254
3257 3256
3259 3258
3261 3260
3263 3262
3360 3359
3362 3361
3364 3363
3366 3365
3368 3367
3370 3369
3372 3371
3374 3373
3376 3375
3378 3377
3380 3379
3382 3381
3384 3383
3386 3385
3388 3387
3390 3389
7009 7008
7011 7010
7013 7012
7015 7014
7017 7016
7019 7018
7021 7020
7023 7022
7025 7024
7027 7026
7029 7028
7031 7030
7033 7032
7035 7034
7037 7036
7039 7038
7552 7551
7554 7553
7556 7555
7558 7557
7560 7559
7562 7561
7564 7563
7566 7565
7568 7567
7570 7569
7572 7571
7574 7573
7576 7575
7578 7577
7580 7579
7582 7581
1376 1375
1378 1377
1380 1379
1382 1381
1384 1383
1386 1385
1388 1387
1390 1389
1392 1391
1394 1393
1396 1395
1398 1397
1403 1402
1405 1404
1407 1406
7328 7327
7330 7329
7332 7331
7334 7333
7336 7335
7338 7337
7340 7339
7342 7341
7344 7343
7346 7345
7348 7347
7350 7349
7352 7351
7354 7353
7356 7355
7358 7357
1633 1632
1635 1634
1637 1636
1639 1638
1641 1640
1643 1642
1645 1644
1647 1646
1649 1648
1651 1650
1653 1652
1655 1654
1657 1656
1659 1658
1661 1660
1663 1662
7203 7202
7205 7204
7207 7206
7209 7208
7211 7210
7213 7212
7215 7214
7217 7216
7219 7218
7221 7220
7223 7222
7225 7224
7227 7226
7229 7228
7231 7230
1504 1503
1506 1505
1508 1507
1510 1509
1512 1511
1514 1513
1516 1515
1518 1517
1520 1519
1522 1521
1524 1523
1526 1525
1528 1527
1530 1529
1532 1531
1534 1533
1217 1216
1219 1218
1221 1220
1223 1222
1225 1224
1227 1226
1229 1228
1231 1230
1233 1232
1235 1234
1237 1236
1239 1238
1241 1240
1243 1242
1245 1244
1247 1246
1312 1311
1314 1313
1316 1315
1318 1317
1320 1319
1322 1321
1324 1323
1326 1325
1328 1327
1330 1329
1332 1331
1334 1333
1336 1335
1338 1337
1340 1339
1342 1341
7744 7743
7746 7745
7748 7747
7750 7749
7752 7751
7754 7753
7756 7755
7758 7757
7760 7759
7762 7761
7764 7763
7766 7765
7768 7767
7770 7769
7772 7771
7774 7773
3873 3872
3875 3874
3877 3876
3879 3878
3881 3880
3883 3882
3885 3884
3887 3886
3889 3888
3891 3890
3893 3892
3895 3894
3897 3896
3902 3901
7712 7711
7714 7713
7716 7715
7718 7717
7720 7719
7722 7721
7724 7723
7726 7725
7728 7727
7730 7729
7732 7731
7734 7733
7736 7735
7738 7737
7740 7739
7742 7741
3617 3616
3619 3618
3621 3620
3623 3622
3625 3624
3627 3626
3629 3628
3631 3630
3633 3632
3635 3634
3637 3636
3639 3638
3641 3640
3643 3642
3645 3644
3647 3646
7841 7840
7843 7842
7845 7844
7847 7846
7849 7848
7851 7850
7853 7852
7855 7854
7857 7856
7859 7858
7861 7860
7863 7862
7865 7864
7867 7866
7869 7868
7871 7870
7936 7935
7938 7937
7940 7939
7942 7941
7944 7943
7946 7945
7948 7947
7950 7949
7952 7951
7954 7953
7956 7955
7958 7957
7960 7959
7962 7961
7964 7963
7966 7965
8128 8127
8130 8129
8132 8131
8134 8133
8136 8135
8138 8137
8140 8139
8142 8141
8144 8143
8146 8145
8148 8147
8150 8149
8152 8151
8154 8153
8156 8155
8158 8157
7968 7967
7970 7969
7972 7971
7974 7973
7976 7975
7978 7977
7980 7979
7982 7981
7984 7983
7986 7985
7988 7987
7990 7989
7992 7991
7994 7993
7996 7995
7998 7997
3776 3775
3778 3777
3780 3779
3782 3781
3784 3783
3786 3785
3788 3787
3790 3789
3792 3791
3794 3793
3796 3795
3798 3797
3803 3802
3805 3804
3807 3806
7520 7519
7522 7521
7524 7523
7526 7525
7528 7527
7530 7529
7532 7531
7534 7533
7536 7535
7538 7537
7540 7539
7542 7541
7544 7543
7546 7545
7548 7547
7550 7549
3712 3711
3714 3713
3716 3715
3718 3717
3720 3719
3722 3721
3724 3723
3726 3725
3728 3727
3730 3729
3732 3731
3734 3733
3736 3735
3738 3737
3740 3739
3742 3741
3809 3808
3811 3810
3813 3812
3815 3814
3817 3816
3819 3818
3821 3820
3823 3822
3825 3824
3827 3826
3829 3828
3831 3830
3833 3832
3835 3834
3837 3836
3839 3838
1089 1088
1091 1090
1093 1092
1095 1094
1097 1096
1102 1101
1104 1103
1106 1105
1108 1107
1110 1109
1112 1111
1114 1113
1116 1115
1118 1117
8928 8927
8930 8929
8932 8931
8934 8933
8936 8935
8938 8937
8940 8939
8942 8941
8944 8943
8946 8945
8948 8947
8950 8949
8952 8951
8954 8953
8956 8955
8958 8957
1792 1791
1794 1793
1796 1795
1798 1797
1803 1802
1805 1804
1807 1806
1809 1808
1811 1810
1813 1812
1815 1814
1817 1816
1819 1818
1821 1820
1823 1822
8544 8543
8546 8545
8548 8547
8550 8549
8552 8551
8554 8553
8556 8555
8558 8557
8560 8559
8562 8561
8564 8563
8566 8565
8568 8567
8570 8569
8572 8571
8574 8573
7168 7167
7170 7169
7172 7171
7174 7173
7176 7175
7178 7177
7180 7179
7182 7181
7184 7183
7186 7185
7188 7187
7190 7189
7192 7191
7194 7193
7196 7195
7198 7197
2560 2559
2562 2561
2564 2563
2566 2565
2568 2567
2570 2569
2572 2571
2574 2573
2576 2575
2578 2577
2580 2579
2582 2581
2584 2583
2586 2585
2588 2587
2590 2589
1568 1567
1570 1569
1572 1571
1574 1573
1576 1575
1578 1577
1580 1579
1582 1581
1584 1583
1586 1585
1588 1587
1590 1589
1592 1591
1594 1593
1596 1595
1598 1597
8576 8575
8578 8577
8580 8579
8582 8581
8584 8583
8586 8585
8588 8587
8590 8589
8592 8591
8594 8593
8596 8595
8598 8597
8603 8602
8605 8604
8607 8606
7904 7903
7906 7905
7908 7907
7910 7909
7912 7911
7914 7913
7916 7915
7918 7917
7920 7919
7922 7921
7924 7923
7926 7925
7928 7927
7930 7929
7932 7931
7934 7933
4065 4064
4067 4066
4069 4068
4071 4070
4073 4072
4075 4074
4077 4076
4079 4078
4081 4080
4083 4082
4085 4084
4087 4086
4089 4088
4091 4090
4093 4092
4095 4094
1825 1824
1827 1826
1829 1828
1831 1830
1833 1832
1835 1834
1837 1836
1839 1838
1841 1840
1843 1842
1845 1844
1847 1846
1849 1848
1851 1850
1853 1852
1855 1854
8289 8288
8291 8290
8293 8292
8295 8294
8297 8296
8302 8301
8304 8303
8306 8305
8308 8307
8310 8309
8312 8311
8314 8313
8316 8315
8318 8317
2304 2303
2306 2305
2308 2307
2310 2309
2312 2311
2314 2313
2316 2315
2318 2317
2320 2319
2322 2321
2324 2323
2326 2325
2328 2327
2330 2329
2332 2331
2334 2333
2241 2240
2243 2242
2245 2244
2247 2246
2249 2248
2251 2250
2253 2252
2255 2254
2257 2256
2259 2258
2261 2260
2263 2262
2265 2264
2267 2266
2269 2268
2271 2270
7233 7232
7235 7234
7237 7236
7239 7238
7241 7240
7243 7242
7245 7244
7247 7246
7249 7248
7251 7250
7253 7252
7255 7254
7257 7256
7259 7258
7261 7260
7263 7262
1603 1602
1605 1604
1607 1606
1609 1608
1611 1610
1613 1612
1615 1614
1617 1616
1619 1618
1621 1620
1623 1622
1625 1624
1627 1626
1629 1628
1631 1630
1057 1056
1059 1058
1061 1060
1063 1062
1065 1064
1067 1066
1069 1068
1071 1070
1073 1072
1075 1074
1077 1076
1079 1078
1081 1080
1083 1082
1085 1084
1087 1086
7649 7648
7651 7650
7653 7652
7655 7654
7657 7656
7659 7658
7661 7660
7663 7662
7665 7664
7667 7666
7669 7668
7671 7670
7673 7672
7675 7674
7677 7676
7679 7678
7392 7391
7394 7393
7396 7395
7398 7397
7403 7402
7405 7404
7407 7406
7409 7408
7411 7410
7413 7412
7415 7414
7417 7416
7419 7418
7421 7420
7423 7422
7584 7583
7586 7585
7588 7587
7590 7589
7592 7591
7594 7593
7596 7595
7598 7597
7603 7602
7605 7604
7607 7606
7609 7608
7611 7610
7613 7612
7615 7614
2273 2272
2275 2274
2277 2276
2279 2278
2281 2280
2283 2282
2285 2284
2287 2286
2289 2288
2291 2290
2293 2292
2295 2294
2297 2296
2302 2301
8481 8480
8483 8482
8485 8484
8487 8486
8489 8488
8491 8490
8493 8492
8495 8494
8497 8496
8502 8501
8504 8503
8506 8505
8508 8507
8510 8509
4097 4096
4102 4101
4104 4103
4106 4105
4108 4107
4110 4109
4112 4111
4114 4113
4116 4115
4118 4117
4120 4119
4122 4121
4124 4123
4126 4125
2497 2496
2502 2501
2504 2503
2506 2505
2508 2507
2510 2509
2512 2511
2514 2513
2516 2515
2518 2517
2520 2519
2522 2521
2524 2523
2526 2525
1152 1151
1154 1153
1156 1155
1158 1157
1160 1159
1162 1161
1164 1163
1166 1165
1168 1167
1170 1169
1172 1171
1174 1173
1176 1175
1178 1177
1180 1179
1182 1181
1441 1440
1443 1442
1445 1444
1447 1446
1449 1448
1451 1450
1453 1452
1455 1454
1457 1456
1459 1458
1461 1460
1463 1462
1465 1464
1467 1466
1469 1468
1471 1470
1344 1343
1346 1345
1348 1347
1350 1349
1352 1351
1354 1353
1356 1355
1358 1357
1360 1359
1362 1361
1364 1363
1366 1365
1368 1367
1370 1369
1372 1371
1374 1373
1184 1183
1186 1185
1188 1187
1190 1189
1192 1191
1194 1193
1196 1195
1198 1197
1203 1202
1205 1204
1207 1206
1209 1208
1211 1210
1213 1212
1215 1214
8673 8672
8675 8674
8677 8676
8679 8678
8681 8680
8683 8682
8685 8684
8687 8686
8689 8688
8691 8690
8693 8692
8695 8694
8697 8696
8702 8701
2144 2143
2146 2145
2148 2147
2150 2149
2152 2151
2154 2153
2156 2155
2158 2157
2160 2159
2162 2161
2164 2163
2166 2165
2168 2167
2170 2169
2172 2171
2174 2173
7809 7808
7811 7810
7813 7812
7815 7814
7817 7816
7819 7818
7821 7820
7823 7822
7825 7824
7827 7826
7829 7828
7831 7830
7833 7832
7835 7834
7837 7836
7839 7838
1249 1248
1251 1250
1253 1252
1255 1254
1257 1256
1259 1258
1261 1260
1263 1262
1265 1264
1267 1266
1269 1268
1271 1270
1273 1272
1275 1274
1277 1276
1279 1278
4352 4351
4354 4353
4356 4355
4358 4357
4360 4359
4362 4361
4364 4363
4366 4365
4368 4367
4370 4369
4372 4371
4374 4373
4376 4375
4378 4377
4380 4379
4382 4381
5473 5472
5475 5474
5477 5476
5479 5478
5481 5480
5483 5482
5485 5484
5487 5486
5489 5488
5491 5490
5493 5492
5495 5494
5497 5496
5502 5501
1728 1727
1730 1729
1732 1731
1734 1733
1736 1735
1738 1737
1740 1739
1742 1741
1744 1743
1746 1745
1748 1747
1750 1749
1752 1751
1754 1753
1756 1755
1758 1757
2912 2911
2914 2913
2916 2915
2918 2917
2920 2919
2922 2921
2924 2923
2926 2925
2928 2927
2930 2929
2932 2931
2934 2933
2936 2935
2938 2937
2940 2939
2942 2941
7457 7456
7459 7458
7461 7460
7463 7462
7465 7464
7467 7466
7469 7468
7471 7470
7473 7472
7475 7474
7477 7476
7479 7478
7481 7480
7483 7482
7485 7484
7487 7486
7425 7424
7427 7426
7429 7428
7431 7430
7433 7432
7435 7434
7437 7436
7439 7438
7441 7440
7443 7442
7445 7444
7447 7446
7449 7448
7451 7450
7453 7452
7455 7454
1889 1888
1891 1890
1893 1892
1895 1894
1897 1896
1902 1901
1904 1903
1906 1905
1908 1907
1910 1909
1912 1911
1914 1913
1916 1915
1918 1917
3968 3967
3970 3969
3972 3971
3974 3973
3976 3975
3978 3977
3980 3979
3982 3981
3984 3983
3986 3985
3988 3987
3990 3989
3992 3991
3994 3993
3996 3995
3998 3997
4160 4159
4162 4161
4164 4163
4166 4165
4168 4167
4170 4169
4172 4171
4174 4173
4176 4175
4178 4177
4180 4179
4182 4181
4184 4183
4186 4185
4188 4187
4190 4189
1665 1664
1667 1666
1669 1668
1671 1670
1673 1672
1675 1674
1677 1676
1679 1678
1681 1680
1683 1682
1685 1684
1687 1686
1689 1688
1691 1690
1693 1692
1695 1694
7776 7775
7778 7777
7780 7779
7782 7781
7784 7783
7786 7785
7788 7787
7790 7789
7792 7791
7794 7793
7796 7795
7798 7797
7803 7802
7805 7804
7807 7806
2112 2111
2114 2113
2116 2115
2118 2117
2120 2119
2122 2121
2124 2123
2126 2125
2128 2127
2130 2129
2132 2131
2134 2133
2136 2135
2138 2137
2140 2139
2142 2141
8097 8096
8102 8101
8104 8103
8106 8105
8108 8107
8110 8109
8112 8111
8114 8113
8116 8115
8118 8117
8120 8119
8122 8121
8124 8123
8126 8125
1409 1408
1411 1410
1413 1412
1415 1414
1417 1416
1419 1418
1421 1420
1423 1422
1425 1424
1427 1426
1429 1428
1431 1430
1433 1432
1435 1434
1437 1436
1439 1438
7265 7264
7267 7266
7269 7268
7271 7270
7273 7272
7275 7274
7277 7276
7279 7278
7281 7280
7283 7282
7285 7284
7287 7286
7289 7288
7291 7290
7293 7292
7295 7294
8897 8896
8902 8901
8904 8903
8906 8905
8908 8907
8910 8909
8912 8911
8914 8913
8916 8915
8918 8917
8920 8919
8922 8921
8924 8923
8926 8925
1025 1024
1027 1026
1029 1028
1031 1030
1033 1032
1035 1034
1037 1036
1039 1038
1041 1040
1043 1042
1045 1044
1047 1046
1049 1048
1051 1050
1053 1052
1055 1054
1697 1696
1702 1701
1704 1703
1706 1705
1708 1707
1710 1709
1712 1711
1714 1713
1716 1715
1718 1717
1720 1719
1722 1721
1724 1723
1726 1725
9152 9151
9154 9153
9156 9155
9158 9157
9160 9159
9162 9161
9164 9163
9166 9165
9168 9167
9170 9169
9172 9171
9174 9173
9176 9175
9178 9177
9180 9179
9182 9181
8512 8511
8514 8513
8516 8515
8518 8517
8520 8519
8522 8521
8524 8523
8526 8525
8528 8527
8530 8529
8532 8531
8534 8533
8536 8535
8538 8537
8540 8539
8542 8541
1536 1535
1538 1537
1540 1539
1542 1541
1544 1543
1546 1545
1548 1547
1550 1549
1552 1551
1554 1553
1556 1555
1558 1557
1560 1559
1562 1561
1564 1563
1566 1565
2176 2175
2178 2177
2180 2179
2182 2181
2184 2183
2186 2185
2188 2187
2190 2189
2192 2191
2194 2193
2196 2195
2198 2197
2203 2202
2205 2204
2207 2206
8384 8383
8386 8385
8388 8387
8390 8389
8392 8391
8394 8393
8396 8395
8398 8397
8403 8402
8405 8404
8407 8406
8409 8408
8411 8410
8413 8412
8415 8414
8003 8002
8005 8004
8007 8006
8009 8008
8011 8010
8013 8012
8015 8014
8017 8016
8019 8018
8021 8020
8023 8022
8025 8024
8027 8026
8029 8028
8031 8030
4033 4032
4035 4034
4037 4036
4039 4038
4041 4040
4043 4042
4045 4044
4047 4046
4049 4048
4051 4050
4053 4052
4055 4054
4057 4056
4059 4058
4061 4060
4063 4062
5344 5343
5346 5345
5348 5347
5350 5349
5352 5351
5354 5353
5356 5355
5358 5357
5360 5359
5362 5361
5364 5363
5366 5365
5368 5367
5370 5369
5372 5371
5374 5373
8768 8767
8770 8769
8772 8771
8774 8773
8776 8775
8778 8777
8780 8779
8782 8781
8784 8783
8786 8785
8788 8787
8790 8789
8792 8791
8794 8793
8796 8795
8798 8797
5889 5888
5891 5890
5893 5892
5895 5894
5897 5896
5902 5901
5904 5903
5906 5905
5908 5907
5910 5909
5912 5911
5914 5913
5916 5915
5918 5917
5376 5375
5378 5377
5380 5379
5382 5381
5384 5383
5386 5385
5388 5387
5390 5389
5392 5391
5394 5393
5396 5395
5398 5397
5403 5402
5405 5404
5407 5406
4320 4319
4322 4321
4324 4323
4326 4325
4328 4327
4330 4329
4332 4331
4334 4333
4336 4335
4338 4337
4340 4339
4342 4341
4344 4343
4346 4345
4348 4347
4350 4349
8033 8032
8035 8034
8037 8036
8039 8038
8041 8040
8043 8042
8045 8044
8047 8046
8049 8048
8051 8050
8053 8052
8055 8054
8057 8056
8059 8058
8061 8060
8063 8062
4768 4767
4770 4769
4772 4771
4774 4773
4776 4775
4778 4777
4780 4779
4782 4781
4784 4783
4786 4785
4788 4787
4790 4789
4792 4791
4794 4793
4796 4795
4798 4797
5568 5567
5570 5569
5572 5571
5574 5573
5576 5575
5578 5577
5580 5579
5582 5581
5584 5583
5586 5585
5588 5587
5590 5589
5592 5591
5594 5593
5596 5595
5598 5597
4897 4896
4902 4901
4904 4903
4906 4905
4908 4907
4910 4909
4912 4911
4914 4913
4916 4915
4918 4917
4920 4919
4922 4921
4924 4923
4926 4925
5152 5151
5154 5153
5156 5155
5158 5157
5160 5159
5162 5161
5164 5163
5166 5165
5168 5167
5170 5169
5172 5171
5174 5173
5176 5175
5178 5177
5180 5179
5182 5181
8160 8159
8162 8161
8164 8163
8166 8165
8168 8167
8170 8169
8172 8171
8174 8173
8176 8175
8178 8177
8180 8179
8182 8181
8184 8183
8186 8185
8188 8187
8190 8189
5857 5856
5859 5858
5861 5860
5863 5862
5865 5864
5867 5866
5869 5868
5871 5870
5873 5872
5875 5874
5877 5876
5879 5878
5881 5880
5883 5882
5885 5884
5887 5886
5760 5759
5762 5761
5764 5763
5766 5765
5768 5767
5770 5769
5772 5771
5774 5773
5776 5775
5778 5777
5780 5779
5782 5781
5784 5783
5786 5785
5788 5787
5790 5789
5697 5696
5702 5701
5704 5703
5706 5705
5708 5707
5710 5709
5712 5711
5714 5713
5716 5715
5718 5717
5720 5719
5722 5721
5724 5723
5726 5725
5120 5119
5122 5121
5124 5123
5126 5125
5128 5127
5130 5129
5132 5131
5134 5133
5136 5135
5138 5137
5140 5139
5142 5141
5144 5143
5146 5145
5148 5147
5150 5149
4481 4480
4483 4482
4485 4484
4487 4486
4489 4488
4491 4490
4493 4492
4495 4494
4497 4496
4502 4501
4504 4503
4506 4505
4508 4507
4510 4509
1952 1951
1954 1953
1956 1955
1958 1957
1960 1959
1962 1961
1964 1963
1966 1965
1968 1967
1970 1969
1972 1971
1974 1973
1976 1975
1978 1977
1980 1979
1982 1981
5089 5088
5091 5090
5093 5092
5095 5094
5097 5096
5102 5101
5104 5103
5106 5105
5108 5107
5110 5109
5112 5111
5114 5113
5116 5115
5118 5117
8352 8351
8354 8353
8356 8355
8358 8357
8360 8359
8362 8361
8364 8363
8366 8365
8368 8367
8370 8369
8372 8371
8374 8373
8376 8375
8378 8377
8380 8379
8382 8381
2081 2080
2083 2082
2085 2084
2087 2086
2089 2088
2091 2090
2093 2092
2095 2094
2097 2096
2102 2101
2104 2103
2106 2105
2108 2107
2110 2109
2752 2751
2754 2753
2756 2755
2758 2757
2760 2759
2762 2761
2764 2763
2766 2765
2768 2767
2770 2769
2772 2771
2774 2773
2776 2775
2778 2777
2780 2779
2782 2781
2368 2367
2370 2369
2372 2371
2374 2373
2376 2375
2378 2377
2380 2379
2382 2381
2384 2383
2386 2385
2388 2387
2390 2389
2392 2391
2394 2393
2396 2395
2398 2397
2336 2335
2338 2337
2340 2339
2342 2341
2344 2343
2346 2345
2348 2347
2350 2349
2352 2351
2354 2353
2356 2355
2358 2357
2360 2359
2362 2361
2364 2363
2366 2365
2528 2527
2530 2529
2532 2531
2534 2533
2536 2535
2538 2537
2540 2539
2542 2541
2544 2543
2546 2545
2548 2547
2550 2549
2552 2551
2554 2553
2556 2555
2558 2557
2689 2688
2691 2690
2693 2692
2695 2694
2697 2696
2702 2701
2704 2703
2706 2705
2708 2707
2710 2709
2712 2711
2714 2713
2716 2715
2718 2717
1857 1856
1859 1858
1861 1860
1863 1862
1865 1864
1867 1866
1869 1868
1871 1870
1873 1872
1875 1874
1877 1876
1879 1878
1881 1880
1883 1882
1885 1884
1887 1886
2881 2880
2883 2882
2885 2884
2887 2886
2889 2888
2891 2890
2893 2892
2895 2894
2897 2896
2902 2901
2904 2903
2906 2905
2908 2907
2910 2909
2465 2464
2467 2466
2469 2468
2471 2470
2473 2472
2475 2474
2477 2476
2479 2478
2481 2480
2483 2482
2485 2484
2487 2486
2489 2488
2491 2490
2493 2492
2495 2494
1920 1919
1922 1921
1924 1923
1926 1925
1928 1927
1930 1929
1932 1931
1934 1933
1936 1935
1938 1937
1940 1939
1942 1941
1944 1943
1946 1945
1948 1947
1950 1949
1984 1983
1986 1985
1988 1987
1990 1989
1992 1991
1994 1993
1996 1995
1998 1997
2003 2002
2005 2004
2007 2006
2009 2008
2011 2010
2013 2012
2015 2014
5312 5311
5314 5313
5316 5315
5318 5317
5320 5319
5322 5321
5324 5323
5326 5325
5328 5327
5330 5329
5332 5331
5334 5333
5336 5335
5338 5337
5340 5339
5342 5341
5281 5280
5283 5282
5285 5284
5287 5286
5289 5288
5291 5290
5293 5292
5295 5294
5297 5296
5302 5301
5304 5303
5306 5305
5308 5307
5310 5309
5728 5727
5730 5729
5732 5731
5734 5733
5736 5735
5738 5737
5740 5739
5742 5741
5744 5743
5746 5745
5748 5747
5750 5749
5752 5751
5754 5753
5756 5755
5758 5757
2433 2432
2435 2434
2437 2436
2439 2438
2441 2440
2443 2442
2445 2444
2447 2446
2449 2448
2451 2450
2453 2452
2455 2454
2457 2456
2459 2458
2461 2460
2463 2462
8865 8864
8867 8866
8869 8868
8871 8870
8873 8872
8875 8874
8877 8876
8879 8878
8881 8880
8883 8882
8885 8884
8887 8886
8889 8888
8891 8890
8893 8892
8895 8894
5920 5919
5922 5921
5924 5923
5926 5925
5928 5927
5930 5929
5932 5931
5934 5933
5936 5935
5938 5937
5940 5939
5942 5941
5944 5943
5946 5945
5948 5947
5950 5949
2017 2016
2019 2018
2021 2020
2023 2022
2025 2024
2027 2026
2029 2028
2031 2030
2033 2032
2035 2034
2037 2036
2039 2038
2041 2040
2043 2042
2045 2044
2047 2046
4128 4127
4130 4129
4132 4131
4134 4133
4136 4135
4138 4137
4140 4139
4142 4141
4144 4143
4146 4145
4148 4147
4150 4149
4152 4151
4154 4153
4156 4155
4158 4157
8257 8256
8259 8258
8261 8260
8263 8262
8265 8264
8267 8266
8269 8268
8271 8270
8273 8272
8275 8274
8277 8276
8279 8278
8281 8280
8283 8282
8285 8284
8287 8286
5504 5503
5506 5505
5508 5507
5510 5509
5512 5511
5514 5513
5516 5515
5518 5517
5520 5519
5522 5521
5524 5523
5526 5525
5528 5527
5530 5529
5532 5531
5534 5533
5984 5983
5986 5985
5988 5987
5990 5989
5992 5991
5994 5993
5996 5995
5998 5997
6003 6002
6005 6004
6007 6006
6009 6008
6011 6010
6013 6012
6015 6014
8736 8735
8738 8737
8740 8739
8742 8741
8744 8743
8746 8745
8748 8747
8750 8749
8752 8751
8754 8753
8756 8755
8758 8757
8760 8759
8762 8761
8764 8763
8766 8765
8225 8224
8227 8226
8229 8228
8231 8230
8233 8232
8235 8234
8237 8236
8239 8238
8241 8240
8243 8242
8245 8244
8247 8246
8249 8248
8251 8250
8253 8252
8255 8254
8417 8416
8419 8418
8421 8420
8423 8422
8425 8424
8427 8426
8429 8428
8431 8430
8433 8432
8435 8434
8437 8436
8439 8438
8441 8440
8443 8442
8445 8444
8447 8446
4225 4224
4227 4226
4229 4228
4231 4230
4233 4232
4235 4234
4237 4236
4239 4238
4241 4240
4243 4242
4245 4244
4247 4246
4249 4248
4251 4250
4253 4252
4255 4254
8609 8608
8611 8610
8613 8612
8615 8614
8617 8616
8619 8618
8621 8620
8623 8622
8625 8624
8627 8626
8629 8628
8631 8630
8633 8632
8635 8634
8637 8636
8639 8638
5536 5535
5538 5537
5540 5539
5542 5541
5544 5543
5546 5545
5548 5547
5550 5549
5552 5551
5554 5553
5556 5555
5558 5557
5560 5559
5562 5561
5564 5563
5566 5565
4544 4543
4546 4545
4548 4547
4550 4549
4552 4551
4554 4553
4556 4555
4558 4557
4560 4559
4562 4561
4564 4563
4566 4565
4568 4567
4570 4569
4572 4571
4574 4573
8065 8064
8067 8066
8069 8068
8071 8070
8073 8072
8075 8074
8077 8076
8079 8078
8081 8080
8083 8082
8085 8084
8087 8086
8089 8088
8091 8090
8093 8092
8095 8094
8803 8802
8805 8804
8807 8806
8809 8808
8811 8810
8813 8812
8815 8814
8817 8816
8819 8818
8821 8820
8823 8822
8825 8824
8827 8826
8829 8828
8831 8830
8704 8703
8706 8705
8708 8707
8710 8709
8712 8711
8714 8713
8716 8715
8718 8717
8720 8719
8722 8721
8724 8723
8726 8725
8728 8727
8730 8729
8732 8731
8734 8733
9057 9056
9059 9058
9061 9060
9063 9062
9065 9064
9067 9066
9069 9068
9071 9070
9073 9072
9075 9074
9077 9076
9079 9078
9081 9080
9083 9082
9085 9084
9087 9086
4512 4511
4514 4513
4516 4515
4518 4517
4520 4519
4522 4521
4524 4523
4526 4525
4528 4527
4530 4529
4532 4531
4534 4533
4536 4535
4538 4537
4540 4539
4542 4541
5633 5632
5635 5634
5637 5636
5639 5638
5641 5640
5643 5642
5645 5644
5647 5646
5649 5648
5651 5650
5653 5652
5655 5654
5657 5656
5659 5658
5661 5660
5663 5662
4609 4608
4611 4610
4613 4612
4615 4614
4617 4616
4619 4618
4621 4620
4623 4622
4625 4624
4627 4626
4629 4628
4631 4630
4633 4632
4635 4634
4637 4636
4639 4638
9184 9183
9186 9185
9188 9187
9190 9189
9192 9191
9194 9193
9196 9195
9198 9197
9203 9202
9205 9204
9207 9206
9209 9208
9211 9210
9213 9212
9215 9214
5603 5602
5605 5604
5607 5606
5609 5608
5611 5610
5613 5612
5615 5614
5617 5616
5619 5618
5621 5620
5623 5622
5625 5624
5627 5626
5629 5628
5631 5630
5792 5791
5794 5793
5796 5795
5798 5797
5803 5802
5805 5804
5807 5806
5809 5808
5811 5810
5813 5812
5815 5814
5817 5816
5819 5818
5821 5820
5823 5822
4289 4288
4291 4290
4293 4292
4295 4294
4297 4296
4302 4301
4304 4303
4306 4305
4308 4307
4310 4309
4312 4311
4314 4313
4316 4315
4318 4317
4865 4864
4867 4866
4869 4868
4871 4870
4873 4872
4875 4874
4877 4876
4879 4878
4881 4880
4883 4882
4885 4884
4887 4886
4889 4888
4891 4890
4893 4892
4895 4894
3009 3008
3011 3010
3013 3012
3015 3014
3017 3016
3019 3018
3021 3020
3023 3022
3025 3024
3027 3026
3029 3028
3031 3030
3033 3032
3035 3034
3037 3036
3039 3038
5249 5248
5251 5250
5253 5252
5255 5254
5257 5256
5259 5258
5261 5260
5263 5262
5265 5264
5267 5266
5269 5268
5271 5270
5273 5272
5275 5274
5277 5276
5279 5278
4576 4575
4578 4577
4580 4579
4582 4581
4584 4583
4586 4585
4588 4587
4590 4589
4592 4591
4594 4593
4596 4595
4598 4597
4603 4602
4605 4604
4607 4606
8960 8959
8962 8961
8964 8963
8966 8965
8968 8967
8970 8969
8972 8971
8974 8973
8976 8975
8978 8977
8980 8979
8982 8981
8984 8983
8986 8985
8988 8987
8990 8989
5217 5216
5219 5218
5221 5220
5223 5222
5225 5224
5227 5226
5229 5228
5231 5230
5233 5232
5235 5234
5237 5236
5239 5238
5241 5240
5243 5242
5245 5244
5247 5246
4736 4735
4738 4737
4740 4739
4742 4741
4744 4743
4746 4745
4748 4747
4750 4749
4752 4751
4754 4753
4756 4755
4758 4757
4760 4759
4762 4761
4764 4763
4766 4765
3041 3040
3043 3042
3045 3044
3047 3046
3049 3048
3051 3050
3053 3052
3055 3054
3057 3056
3059 3058
3061 3060
3063 3062
3065 3064
3067 3066
3069 3068
3071 3070
4928 4927
4930 4929
4932 4931
4934 4933
4936 4935
4938 4937
4940 4939
4942 4941
4944 4943
4946 4945
4948 4947
4950 4949
4952 4951
4954 4953
4956 4955
4958 4957
8192 8191
8194 8193
8196 8195
8198 8197
8203 8202
8205 8204
8207 8206
8209 8208
8211 8210
8213 8212
8215 8214
8217 8216
8219 8218
8221 8220
8223 8222
8641 8640
8643 8642
8645 8644
8647 8646
8649 8648
8651 8650
8653 8652
8655 8654
8657 8656
8659 8658
8661 8660
8663 8662
8665 8664
8667 8666
8669 8668
8671 8670
2209 2208
2211 2210
2213 2212
2215 2214
2217 2216
2219 2218
2221 2220
2223 2222
2225 2224
2227 2226
2229 2228
2231 2230
2233 2232
2235 2234
2237 2236
2239 2238
8833 8832
8835 8834
8837 8836
8839 8838
8841 8840
8843 8842
8845 8844
8847 8846
8849 8848
8851 8850
8853 8852
8855 8854
8857 8856
8859 8858
8861 8860
8863 8862
2625 2624
2627 2626
2629 2628
2631 2630
2633 2632
2635 2634
2637 2636
2639 2638
2641 2640
2643 2642
2645 2644
2647 2646
2649 2648
2651 2650
2653 2652
2655 2654
9025 9024
9027 9026
9029 9028
9031 9030
9033 9032
9035 9034
9037 9036
9039 9038
9041 9040
9043 9042
9045 9044
9047 9046
9049 9048
9051 9050
9053 9052
9055 9054
5665 5664
5667 5666
5669 5668
5671 5670
5673 5672
5675 5674
5677 5676
5679 5678
5681 5680
5683 5682
5685 5684
5687 5686
5689 5688
5691 5690
5693 5692
5695 5694
4803 4802
4805 4804
4807 4806
4809 4808
4811 4810
4813 4812
4815 4814
4817 4816
4819 4818
4821 4820
4823 4822
4825 4824
4827 4826
4829 4828
4831 4830
2403 2402
2405 2404
2407 2406
2409 2408
2411 2410
2413 2412
2415 2414
2417 2416
2419 2418
2421 2420
2423 2422
2425 2424
2427 2426
2429 2428
2431 2430
4673 4672
4675 4674
4677 4676
4679 4678
4681 4680
4683 4682
4685 4684
4687 4686
4689 4688
4691 4690
4693 4692
4695 4694
4697 4696
4702 4701
8449 8448
8451 8450
8453 8452
8455 8454
8457 8456
8459 8458
8461 8460
8463 8462
8465 8464
8467 8466
8469 8468
8471 8470
8473 8472
8475 8474
8477 8476
8479 8478
4192 4191
4194 4193
4196 4195
4198 4197
4203 4202
4205 4204
4207 4206
4209 4208
4211 4210
4213 4212
4215 4214
4217 4216
4219 4218
4221 4220
4223 4222
2592 2591
2594 2593
2596 2595
2598 2597
2603 2602
2605 2604
2607 2606
2609 2608
2611 2610
2613 2612
2615 2614
2617 2616
2619 2618
2621 2620
2623 2622
2817 2816
2819 2818
2821 2820
2823 2822
2825 2824
2827 2826
2829 2828
2831 2830
2833 2832
2835 2834
2837 2836
2839 2838
2841 2840
2843 2842
2845 2844
2847 2846
2784 2783
2786 2785
2788 2787
2790 2789
2792 2791
2794 2793
2796 2795
2798 2797
2803 2802
2805 2804
2807 2806
2809 2808
2811 2810
2813 2812
2815 2814
8320 8319
8322 8321
8324 8323
8326 8325
8328 8327
8330 8329
8332 8331
8334 8333
8336 8335
8338 8337
8340 8339
8342 8341
8344 8343
8346 8345
8348 8347
8350 8349
5441 5440
5443 5442
5445 5444
5447 5446
5449 5448
5451 5450
5453 5452
5455 5454
5457 5456
5459 5458
5461 5460
5463 5462
5465 5464
5467 5466
5469 5468
5471 5470
5409 5408
5411 5410
5413 5412
5415 5414
5417 5416
5419 5418
5421 5420
5423 5422
5425 5424
5427 5426
5429 5428
5431 5430
5433 5432
5435 5434
5437 5436
5439 5438
6049 6048
6051 6050
6053 6052
6055 6054
6057 6056
6059 6058
6061 6060
6063 6062
6065 6064
6067 6066
6069 6068
6071 6070
6073 6072
6075 6074
6077 6076
6079 6078
2049 2048
2051 2050
2053 2052
2055 2054
2057 2056
2059 2058
2061 2060
2063 2062
2065 2064
2067 2066
2069 2068
2071 2070
2073 2072
2075 2074
2077 2076
2079 2078
4384 4383
4386 4385
4388 4387
4390 4389
4392 4391
4394 4393
4396 4395
4398 4397
4403 4402
4405 4404
4407 4406
4409 4408
4411 4410
4413 4412
4415 4414
4704 4703
4706 4705
4708 4707
4710 4709
4712 4711
4714 4713
4716 4715
4718 4717
4720 4719
4722 4721
4724 4723
4726 4725
4728 4727
4730 4729
4732 4731
4734 4733
2657 2656
2659 2658
2661 2660
2663 2662
2665 2664
2667 2666
2669 2668
2671 2670
2673 2672
2675 2674
2677 2676
2679 2678
2681 2680
2683 2682
2685 2684
2687 2686
5952 5951
5954 5953
5956 5955
5958 5957
5960 5959
5962 5961
5964 5963
5966 5965
5968 5967
5970 5969
5972 5971
5974 5973
5976 5975
5978 5977
5980 5979
5982 5981
4257 4256
4259 4258
4261 4260
4263 4262
4265 4264
4267 4266
4269 4268
4271 4270
4273 4272
4275 4274
4277 4276
4279 4278
4281 4280
4283 4282
4285 4284
4287 4286
6112 6111
6114 6113
6116 6115
6118 6117
6120 6119
6122 6121
6124 6123
6126 6125
6128 6127
6130 6129
6132 6131
6134 6133
6136 6135
6138 6137
6140 6139
6142 6141
2849 2848
2851 2850
2853 2852
2855 2854
2857 2856
2859 2858
2861 2860
2863 2862
2865 2864
2867 2866
2869 2868
2871 2870
2873 2872
2875 2874
2877 2876
2879 2878
2720 2719
2722 2721
2724 2723
2726 2725
2728 2727
2730 2729
2732 2731
2734 2733
2736 2735
2738 2737
2740 2739
2742 2741
2744 2743
2746 2745
2748 2747
2750 2749
5184 5183
5186 5185
5188 5187
5190 5189
5192 5191
5194 5193
5196 5195
5198 5197
5203 5202
5205 5204
5207 5206
5209 5208
5211 5210
5213 5212
5215 5214
8992 8991
8994 8993
8996 8995
8998 8997
9003 9002
9005 9004
9007 9006
9009 9008
9011 9010
9013 9012
9015 9014
9017 9016
9019 9018
9021 9020
9023 9022
6081 6080
6083 6082
6085 6084
6087 6086
6089 6088
6091 6090
6093 6092
6095 6094
6097 6096
6102 6101
6104 6103
6106 6105
6108 6107
6110 6109
9089 9088
9091 9090
9093 9092
9095 9094
9097 9096
9102 9101
9104 9103
9106 9105
9108 9107
9110 9109
9112 9111
9114 9113
9116 9115
9118 9117
9120 9119
9122 9121
9124 9123
9126 9125
9128 9127
9130 9129
9132 9131
9134 9133
9136 9135
9138 9137
9140 9139
9142 9141
9144 9143
9146 9145
9148 9147
9150 9149
2976 2975
2978 2977
2980 2979
2982 2981
2984 2983
2986 2985
2988 2987
2990 2989
2992 2991
2994 2993
2996 2995
2998 2997
3003 3002
3005 3004
3007 3006
5825 5824
5827 5826
5829 5828
5831 5830
5833 5832
5835 5834
5837 5836
5839 5838
5841 5840
5843 5842
5845 5844
5847 5846
5849 5848
5851 5850
5853 5852
5855 5854
6017 6016
6019 6018
6021 6020
6023 6022
6025 6024
6027 6026
6029 6028
6031 6030
6033 6032
6035 6034
6037 6036
6039 6038
6041 6040
6043 6042
6045 6044
6047 6046
4960 4959
4962 4961
4964 4963
4966 4965
4968 4967
4970 4969
4972 4971
4974 4973
4976 4975
4978 4977
4980 4979
4982 4981
4984 4983
4986 4985
4988 4987
4990 4989
2944 2943
2946 2945
2948 2947
2950 2949
2952 2951
2954 2953
2956 2955
2958 2957
2960 2959
2962 2961
2964 2963
2966 2965
2968 2967
2970 2969
2972 2971
2974 2973
4641 4640
4643 4642
4645 4644
4647 4646
4649 4648
4651 4650
4653 4652
4655 4654
4657 4656
4659 4658
4661 4660
4663 4662
4665 4664
4667 4666
4669 4668
4671 4670
4417 4416
4419 4418
4421 4420
4423 4422
4425 4424
4427 4426
4429 4428
4431 4430
4433 4432
4435 4434
4437 4436
4439 4438
4441 4440
4443 4442
4445 4444
4447 4446
4449 4448
4451 4450
4453 4452
4455 4454
4457 4456
4459 4458
4461 4460
4463 4462
4465 4464
4467 4466
4469 4468
4471 4470
4473 4472
4475 4474
4477 4476
4479 4478
5057 5056
5059 5058
5061 5060
5063 5062
5065 5064
5067 5066
5069 5068
5071 5070
5073 5072
5075 5074
5077 5076
5079 5078
5081 5080
5083 5082
5085 5084
5087 5086
4992 4991
4994 4993
4996 4995
4998 4997
5003 5002
5005 5004
5007 5006
5009 5008
5011 5010
5013 5012
5015 5014
5017 5016
5019 5018
5021 5020
5023 5022
4833 4832
4835 4834
4837 4836
4839 4838
4841 4840
4843 4842
4845 4844
4847 4846
4849 4848
4851 4850
4853 4852
4855 4854
4857 4856
4859 4858
4861 4860
4863 4862
5025 5024
5027 5026
5029 5028
5031 5030
5033 5032
5035 5034
5037 5036
5039 5038
5041 5040
5043 5042
5045 5044
5047 5046
5049 5048
5051 5050
5053 5052
5055 5054
4899 4899
4900 4900
4099 4099
4100 4100
5099 5099
5100 5100
4499 4499
4500 4500
4299 4299
4300 4300
4601 4601
5899 5899
5900 5900
5499 5499
5500 5500
5299 5299
5300 5300
5699 5699
5700 5700
5401 5401
5801 5801
6001 6001
5601 5601
9899 9899
9900 9900
9902 9902
9904 9904
9906 9906
9908 9908
9910 9910
9912 9912
9914 9914
9916 9916
9918 9918
97 97
99 99
100 100
499 499
500 500
899 899
900 900
299 299
300 300
699 699
700 700
9299 9299
9300 9300
9699 9699
9700 9700
7299 7299
7300 7300
7699 7699
7700 7700
8099 8099
8100 8100
7499 7499
7500 7500
9499 9499
9500 9500
1899 1899
1900 1900
6299 6299
6300 6300
7099 7099
7100 7100
6201 6201
1099 1099
1100 1100
1499 1499
1500 1500
7899 7899
7900 7900
6699 6699
6700 6700
6499 6499
6500 6500
6899 6899
6900 6900
1299 1299
1300 1300
1699 1699
1700 1700
3099 3099
3100 3100
3299 3299
3300 3300
201 201
9801 9801
601 601
3699 3699
3700 3700
801 801
3499 3499
3500 3500
3899 3899
3900 3900
9401 9401
401 401
1001 1001
7201 7201
7601 7601
7401 7401
8001 8001
7801 7801
9601 9601
1201 1201
1801 1801
6601 6601
7001 7001
3401 3401
3801 3801
1601 1601
1401 1401
2001 2001
3201 3201
3601 3601
4001 4001
6801 6801
6401 6401
8899 8899
8900 8900
8299 8299
8300 8300
2699 2699
2700 2700
8699 8699
8700 8700
2099 2099
2100 2100
2299 2299
2300 2300
2499 2499
2500 2500
8499 8499
8500 8500
2899 2899
2900 2900
8401 8401
9201 9201
8801 8801
8601 8601
2201 2201
5001 5001
4401 4401
5201 5201
6099 6099
6100 6100
4699 4699
4700 4700
4801 4801
9099 9099
9100 9100
4201 4201
9001 9001
8201 8201
2401 2401
2801 2801
2601 2601
3001 3001
