9604
2 2 0
2 3 0
2 4 0
2 5 0
2 6 1
2 7 1
2 8 1
2 9 1
2 10 2
2 11 2
2 12 2
2 13 2
2 14 3
2 15 3
2 16 3
2 17 3
2 18 4
2 19 4
2 20 4
2 21 4
2 22 5
2 23 5
2 24 5
2 25 5
2 26 6
2 27 6
2 28 6
2 29 6
2 30 7
2 31 7
2 32 7
2 33 7
2 34 8
2 35 8
2 36 8
2 37 8
2 38 9
2 39 9
2 40 9
2 41 9
2 42 10
2 43 10
2 44 10
2 45 10
2 46 11
2 47 11
2 48 11
2 49 11
2 50 12
2 51 12
2 52 12
2 53 12
2 54 13
2 55 13
2 56 13
2 57 13
2 58 14
2 59 14
2 60 14
2 61 14
2 62 15
2 63 15
2 64 15
2 65 15
2 66 16
2 67 16
2 68 16
2 69 16
2 70 17
2 71 17
2 72 17
2 73 17
2 74 18
2 75 18
2 76 18
2 77 18
2 78 19
2 79 19
2 80 19
2 81 19
2 82 20
2 83 20
2 84 20
2 85 20
2 86 21
2 87 21
2 88 21
2 89 21
2 90 22
2 91 22
2 92 22
2 93 22
2 94 23
2 95 23
2 96 23
2 97 23
2 98 24
2 99 24
3 2 25
3 3 25
3 4 25
3 5 25
3 6 26
3 7 26
3 8 26
3 9 26
3 10 27
3 11 27
3 12 27
3 13 27
3 14 28
3 15 28
3 16 28
3 17 28
3 18 29
3 19 29
3 20 29
3 21 29
3 22 30
3 23 30
3 24 30
3 25 30
3 26 31
3 27 31
3 28 31
3 29 31
3 30 32
3 31 32
3 32 32
3 33 32
3 34 33
3 35 33
3 36 33
3 37 33
3 38 34
3 39 34
3 40 34
3 41 34
3 42 35
3 43 35
3 44 35
3 45 35
3 46 36
3 47 36
3 48 36
3 49 36
3 50 37
3 51 37
3 52 37
3 53 37
3 54 38
3 55 38
3 56 38
3 57 38
3 58 39
3 59 39
3 60 39
3 61 39
3 62 40
3 63 40
3 64 40
3 65 40
3 66 41
3 67 41
3 68 41
3 69 41
3 70 42
3 71 42
3 72 42
3 73 42
3 74 43
3 75 43
3 76 43
3 77 43
3 78 44
3 79 44
3 80 44
3 81 44
3 82 45
3 83 45
3 84 45
3 85 45
3 86 46
3 87 46
3 88 46
3 89 46
3 90 47
3 91 47
3 92 47
3 93 47
3 94 48
3 95 48
3 96 48
3 97 48
3 98 24
3 99 24
4 2 49
4 3 49
4 4 49
4 5 49
4 6 50
4 7 50
4 8 50
4 9 50
4 10 51
4 11 51
4 12 51
4 13 51
4 14 52
4 15 52
4 16 52
4 17 52
4 18 53
4 19 53
4 20 53
4 21 53
4 22 54
4 23 54
4 24 54
4 25 54
4 26 55
4 27 55
4 28 55
4 29 55
4 30 56
4 31 56
4 32 56
4 33 56
4 34 57
4 35 57
4 36 57
4 37 57
4 38 58
4 39 58
4 40 58
4 41 58
4 42 59
4 43 59
4 44 59
4 45 59
4 46 60
4 47 60
4 48 60
4 49 60
4 50 61
4 51 61
4 52 61
4 53 61
4 54 62
4 55 62
4 56 62
4 57 62
4 58 63
4 59 63
4 60 63
4 61 63
4 62 64
4 63 64
4 64 64
4 65 64
4 66 65
4 67 65
4 68 65
4 69 65
4 70 66
4 71 66
4 72 66
4 73 66
4 74 67
4 75 67
4 76 67
4 77 67
4 78 68
4 79 68
4 80 68
4 81 68
4 82 69
4 83 69
4 84 69
4 85 69
4 86 70
4 87 70
4 88 70
4 89 70
4 90 71
4 91 71
4 92 71
4 93 71
4 94 72
4 95 72
4 96 72
4 97 72
4 98 73
4 99 73
5 2 74
5 3 74
5 4 74
5 5 74
5 6 75
5 7 75
5 8 75
5 9 75
5 10 76
5 11 76
5 12 76
5 13 76
5 14 77
5 15 77
5 16 77
5 17 77
5 18 78
5 19 78
5 20 78
5 21 78
5 22 79
5 23 79
5 24 79
5 25 79
5 26 80
5 27 80
5 28 80
5 29 80
5 30 81
5 31 81
5 32 81
5 33 81
5 34 82
5 35 82
5 36 82
5 37 82
5 38 83
5 39 83
5 40 83
5 41 83
5 42 84
5 43 84
5 44 84
5 45 84
5 46 85
5 47 85
5 48 85
5 49 85
5 50 86
5 51 86
5 52 86
5 53 86
5 54 87
5 55 87
5 56 87
5 57 87
5 58 88
5 59 88
5 60 88
5 61 88
5 62 89
5 63 89
5 64 89
5 65 89
5 66 90
5 67 90
5 68 90
5 69 90
5 70 91
5 71 91
5 72 91
5 73 91
5 74 92
5 75 92
5 76 92
5 77 92
5 78 93
5 79 93
5 80 93
5 81 93
5 82 94
5 83 94
5 84 94
5 85 94
5 86 95
5 87 95
5 88 95
5 89 95
5 90 96
5 91 96
5 92 96
5 93 96
5 94 97
5 95 97
5 96 97
5 97 97
5 98 73
5 99 73
6 2 98
6 3 98
6 4 98
6 5 98
6 6 99
6 7 99
6 8 99
6 9 99
6 10 100
6 11 100
6 12 100
6 13 100
6 14 101
6 15 101
6 16 101
6 17 101
6 18 102
6 19 102
6 20 102
6 21 102
6 22 103
6 23 103
6 24 103
6 25 103
6 26 104
6 27 104
6 28 104
6 29 104
6 30 105
6 31 105
6 32 105
6 33 105
6 34 106
6 35 106
6 36 106
6 37 106
6 38 107
6 39 107
6 40 107
6 41 107
6 42 108
6 43 108
6 44 108
6 45 108
6 46 109
6 47 109
6 48 109
6 49 109
6 50 110
6 51 110
6 52 110
6 53 110
6 54 111
6 55 111
6 56 111
6 57 111
6 58 112
6 59 112
6 60 112
6 61 112
6 62 113
6 63 113
6 64 113
6 65 113
6 66 114
6 67 114
6 68 114
6 69 114
6 70 115
6 71 115
6 72 115
6 73 115
6 74 116
6 75 116
6 76 116
6 77 116
6 78 117
6 79 117
6 80 117
6 81 117
6 82 118
6 83 118
6 84 118
6 85 118
6 86 119
6 87 119
6 88 119
6 89 119
6 90 120
6 91 120
6 92 120
6 93 120
6 94 121
6 95 121
6 96 121
6 97 121
6 98 122
6 99 122
7 2 123
7 3 123
7 4 123
7 5 123
7 6 124
7 7 124
7 8 124
7 9 124
7 10 125
7 11 125
7 12 125
7 13 125
7 14 126
7 15 126
7 16 126
7 17 126
7 18 127
7 19 127
7 20 127
7 21 127
7 22 128
7 23 128
7 24 128
7 25 128
7 26 129
7 27 129
7 28 129
7 29 129
7 30 130
7 31 130
7 32 130
7 33 130
7 34 131
7 35 131
7 36 131
7 37 131
7 38 132
7 39 132
7 40 132
7 41 132
7 42 133
7 43 133
7 44 133
7 45 133
7 46 134
7 47 134
7 48 134
7 49 134
7 50 135
7 51 135
7 52 135
7 53 135
7 54 136
7 55 136
7 56 136
7 57 136
7 58 137
7 59 137
7 60 137
7 61 137
7 62 138
7 63 138
7 64 138
7 65 138
7 66 139
7 67 139
7 68 139
7 69 139
7 70 140
7 71 140
7 72 140
7 73 140
7 74 141
7 75 141
7 76 141
7 77 141
7 78 142
7 79 142
7 80 142
7 81 142
7 82 143
7 83 143
7 84 143
7 85 143
7 86 144
7 87 144
7 88 144
7 89 144
7 90 145
7 91 145
7 92 145
7 93 145
7 94 146
7 95 146
7 96 146
7 97 146
7 98 122
7 99 122
8 2 147
8 3 147
8 4 147
8 5 147
8 6 148
8 7 148
8 8 148
8 9 148
8 10 149
8 11 149
8 12 149
8 13 149
8 14 150
8 15 150
8 16 150
8 17 150
8 18 151
8 19 151
8 20 151
8 21 151
8 22 152
8 23 152
8 24 152
8 25 152
8 26 153
8 27 153
8 28 153
8 29 153
8 30 154
8 31 154
8 32 154
8 33 154
8 34 155
8 35 155
8 36 155
8 37 155
8 38 156
8 39 156
8 40 156
8 41 156
8 42 157
8 43 157
8 44 157
8 45 157
8 46 158
8 47 158
8 48 158
8 49 158
8 50 159
8 51 159
8 52 159
8 53 159
8 54 160
8 55 160
8 56 160
8 57 160
8 58 161
8 59 161
8 60 161
8 61 161
8 62 162
8 63 162
8 64 162
8 65 162
8 66 163
8 67 163
8 68 163
8 69 163
8 70 164
8 71 164
8 72 164
8 73 164
8 74 165
8 75 165
8 76 165
8 77 165
8 78 166
8 79 166
8 80 166
8 81 166
8 82 167
8 83 167
8 84 167
8 85 167
8 86 168
8 87 168
8 88 168
8 89 168
8 90 169
8 91 169
8 92 169
8 93 169
8 94 170
8 95 170
8 96 170
8 97 170
8 98 171
8 99 171
9 2 172
9 3 172
9 4 172
9 5 172
9 6 173
9 7 173
9 8 173
9 9 173
9 10 174
9 11 174
9 12 174
9 13 174
9 14 175
9 15 175
9 16 175
9 17 175
9 18 176
9 19 176
9 20 176
9 21 176
9 22 177
9 23 177
9 24 177
9 25 177
9 26 178
9 27 178
9 28 178
9 29 178
9 30 179
9 31 179
9 32 179
9 33 179
9 34 180
9 35 180
9 36 180
9 37 180
9 38 181
9 39 181
9 40 181
9 41 181
9 42 182
9 43 182
9 44 182
9 45 182
9 46 183
9 47 183
9 48 183
9 49 183
9 50 184
9 51 184
9 52 184
9 53 184
9 54 185
9 55 185
9 56 185
9 57 185
9 58 186
9 59 186
9 60 186
9 61 186
9 62 187
9 63 187
9 64 187
9 65 187
9 66 188
9 67 188
9 68 188
9 69 188
9 70 189
9 71 189
9 72 189
9 73 189
9 74 190
9 75 190
9 76 190
9 77 190
9 78 191
9 79 191
9 80 191
9 81 191
9 82 192
9 83 192
9 84 192
9 85 192
9 86 193
9 87 193
9 88 193
9 89 193
9 90 194
9 91 194
9 92 194
9 93 194
9 94 195
9 95 195
9 96 195
9 97 195
9 98 171
9 99 171
10 2 196
10 3 196
10 4 196
10 5 196
10 6 197
10 7 197
10 8 197
10 9 197
10 10 198
10 11 198
10 12 198
10 13 198
10 14 199
10 15 199
10 16 199
10 17 199
10 18 200
10 19 200
10 20 200
10 21 200
10 22 201
10 23 201
10 24 201
10 25 201
10 26 202
10 27 202
10 28 202
10 29 202
10 30 203
10 31 203
10 32 203
10 33 203
10 34 204
10 35 204
10 36 204
10 37 204
10 38 205
10 39 205
10 40 205
10 41 205
10 42 206
10 43 206
10 44 206
10 45 206
10 46 207
10 47 207
10 48 207
10 49 207
10 50 208
10 51 208
10 52 208
10 53 208
10 54 209
10 55 209
10 56 209
10 57 209
10 58 210
10 59 210
10 60 210
10 61 210
10 62 211
10 63 211
10 64 211
10 65 211
10 66 212
10 67 212
10 68 212
10 69 212
10 70 213
10 71 213
10 72 213
10 73 213
10 74 214
10 75 214
10 76 214
10 77 214
10 78 215
10 79 215
10 80 215
10 81 215
10 82 216
10 83 216
10 84 216
10 85 216
10 86 217
10 87 217
10 88 217
10 89 217
10 90 218
10 91 218
10 92 218
10 93 218
10 94 219
10 95 219
10 96 219
10 97 219
10 98 220
10 99 220
11 2 221
11 3 221
11 4 221
11 5 221
11 6 222
11 7 222
11 8 222
11 9 222
11 10 223
11 11 223
11 12 223
11 13 223
11 14 224
11 15 224
11 16 224
11 17 224
11 18 225
11 19 225
11 20 225
11 21 225
11 22 226
11 23 226
11 24 226
11 25 226
11 26 227
11 27 227
11 28 227
11 29 227
11 30 228
11 31 228
11 32 228
11 33 228
11 34 229
11 35 229
11 36 229
11 37 229
11 38 230
11 39 230
11 40 230
11 41 230
11 42 231
11 43 231
11 44 231
11 45 231
11 46 232
11 47 232
11 48 232
11 49 232
11 50 233
11 51 233
11 52 233
11 53 233
11 54 234
11 55 234
11 56 234
11 57 234
11 58 235
11 59 235
11 60 235
11 61 235
11 62 236
11 63 236
11 64 236
11 65 236
11 66 237
11 67 237
11 68 237
11 69 237
11 70 238
11 71 238
11 72 238
11 73 238
11 74 239
11 75 239
11 76 239
11 77 239
11 78 240
11 79 240
11 80 240
11 81 240
11 82 241
11 83 241
11 84 241
11 85 241
11 86 242
11 87 242
11 88 242
11 89 242
11 90 243
11 91 243
11 92 243
11 93 243
11 94 244
11 95 244
11 96 244
11 97 244
11 98 220
11 99 220
12 2 245
12 3 245
12 4 245
12 5 245
12 6 246
12 7 246
12 8 246
12 9 246
12 10 247
12 11 247
12 12 247
12 13 247
12 14 248
12 15 248
12 16 248
12 17 248
12 18 249
12 19 249
12 20 249
12 21 249
12 22 250
12 23 250
12 24 250
12 25 250
12 26 251
12 27 251
12 28 251
12 29 251
12 30 252
12 31 252
12 32 252
12 33 252
12 34 253
12 35 253
12 36 253
12 37 253
12 38 254
12 39 254
12 40 254
12 41 254
12 42 255
12 43 255
12 44 255
12 45 255
12 46 256
12 47 256
12 48 256
12 49 256
12 50 257
12 51 257
12 52 257
12 53 257
12 54 258
12 55 258
12 56 258
12 57 258
12 58 259
12 59 259
12 60 259
12 61 259
12 62 260
12 63 260
12 64 260
12 65 260
12 66 261
12 67 261
12 68 261
12 69 261
12 70 262
12 71 262
12 72 262
12 73 262
12 74 263
12 75 263
12 76 263
12 77 263
12 78 264
12 79 264
12 80 264
12 81 264
12 82 265
12 83 265
12 84 265
12 85 265
12 86 266
12 87 266
12 88 266
12 89 266
12 90 267
12 91 267
12 92 267
12 93 267
12 94 268
12 95 268
12 96 268
12 97 268
12 98 269
12 99 269
13 2 270
13 3 270
13 4 270
13 5 270
13 6 271
13 7 271
13 8 271
13 9 271
13 10 272
13 11 272
13 12 272
13 13 272
13 14 273
13 15 273
13 16 273
13 17 273
13 18 274
13 19 274
13 20 274
13 21 274
13 22 275
13 23 275
13 24 275
13 25 275
13 26 276
13 27 276
13 28 276
13 29 276
13 30 277
13 31 277
13 32 277
13 33 277
13 34 278
13 35 278
13 36 278
13 37 278
13 38 279
13 39 279
13 40 279
13 41 279
13 42 280
13 43 280
13 44 280
13 45 280
13 46 281
13 47 281
13 48 281
13 49 281
13 50 282
13 51 282
13 52 282
13 53 282
13 54 283
13 55 283
13 56 283
13 57 283
13 58 284
13 59 284
13 60 284
13 61 284
13 62 285
13 63 285
13 64 285
13 65 285
13 66 286
13 67 286
13 68 286
13 69 286
13 70 287
13 71 287
13 72 287
13 73 287
13 74 288
13 75 288
13 76 288
13 77 288
13 78 289
13 79 289
13 80 289
13 81 289
13 82 290
13 83 290
13 84 290
13 85 290
13 86 291
13 87 291
13 88 291
13 89 291
13 90 292
13 91 292
13 92 292
13 93 292
13 94 293
13 95 293
13 96 293
13 97 293
13 98 269
13 99 269
14 2 294
14 3 294
14 4 294
14 5 294
14 6 295
14 7 295
14 8 295
14 9 295
14 10 296
14 11 296
14 12 296
14 13 296
14 14 297
14 15 297
14 16 297
14 17 297
14 18 298
14 19 298
14 20 298
14 21 298
14 22 299
14 23 299
14 24 299
14 25 299
14 26 300
14 27 300
14 28 300
14 29 300
14 30 301
14 31 301
14 32 301
14 33 301
14 34 302
14 35 302
14 36 302
14 37 302
14 38 303
14 39 303
14 40 303
14 41 303
14 42 304
14 43 304
14 44 304
14 45 304
14 46 305
14 47 305
14 48 305
14 49 305
14 50 306
14 51 306
14 52 306
14 53 306
14 54 307
14 55 307
14 56 307
14 57 307
14 58 308
14 59 308
14 60 308
14 61 308
14 62 309
14 63 309
14 64 309
14 65 309
14 66 310
14 67 310
14 68 310
14 69 310
14 70 311
14 71 311
14 72 311
14 73 311
14 74 312
14 75 312
14 76 312
14 77 312
14 78 313
14 79 313
14 80 313
14 81 313
14 82 314
14 83 314
14 84 314
14 85 314
14 86 315
14 87 315
14 88 315
14 89 315
14 90 316
14 91 316
14 92 316
14 93 316
14 94 317
14 95 317
14 96 317
14 97 317
14 98 318
14 99 318
15 2 319
15 3 319
15 4 319
15 5 319
15 6 320
15 7 320
15 8 320
15 9 320
15 10 321
15 11 321
15 12 321
15 13 321
15 14 322
15 15 322
15 16 322
15 17 322
15 18 323
15 19 323
15 20 323
15 21 323
15 22 324
15 23 324
15 24 324
15 25 324
15 26 325
15 27 325
15 28 325
15 29 325
15 30 326
15 31 326
15 32 326
15 33 326
15 34 327
15 35 327
15 36 327
15 37 327
15 38 328
15 39 328
15 40 328
15 41 328
15 42 329
15 43 329
15 44 329
15 45 329
15 46 330
15 47 330
15 48 330
15 49 330
15 50 331
15 51 331
15 52 331
15 53 331
15 54 332
15 55 332
15 56 332
15 57 332
15 58 333
15 59 333
15 60 333
15 61 333
15 62 334
15 63 334
15 64 334
15 65 334
15 66 335
15 67 335
15 68 335
15 69 335
15 70 336
15 71 336
15 72 336
15 73 336
15 74 337
15 75 337
15 76 337
15 77 337
15 78 338
15 79 338
15 80 338
15 81 338
15 82 339
15 83 339
15 84 339
15 85 339
15 86 340
15 87 340
15 88 340
15 89 340
15 90 341
15 91 341
15 92 341
15 93 341
15 94 342
15 95 342
15 96 342
15 97 342
15 98 318
15 99 318
16 2 343
16 3 343
16 4 343
16 5 343
16 6 344
16 7 344
16 8 344
16 9 344
16 10 345
16 11 345
16 12 345
16 13 345
16 14 346
16 15 346
16 16 346
16 17 346
16 18 347
16 19 347
16 20 347
16 21 347
16 22 348
16 23 348
16 24 348
16 25 348
16 26 349
16 27 349
16 28 349
16 29 349
16 30 350
16 31 350
16 32 350
16 33 350
16 34 351
16 35 351
16 36 351
16 37 351
16 38 352
16 39 352
16 40 352
16 41 352
16 42 353
16 43 353
16 44 353
16 45 353
16 46 354
16 47 354
16 48 354
16 49 354
16 50 355
16 51 355
16 52 355
16 53 355
16 54 356
16 55 356
16 56 356
16 57 356
16 58 357
16 59 357
16 60 357
16 61 357
16 62 358
16 63 358
16 64 358
16 65 358
16 66 359
16 67 359
16 68 359
16 69 359
16 70 360
16 71 360
16 72 360
16 73 360
16 74 361
16 75 361
16 76 361
16 77 361
16 78 362
16 79 362
16 80 362
16 81 362
16 82 363
16 83 363
16 84 363
16 85 363
16 86 364
16 87 364
16 88 364
16 89 364
16 90 365
16 91 365
16 92 365
16 93 365
16 94 366
16 95 366
16 96 366
16 97 366
16 98 367
16 99 367
17 2 368
17 3 368
17 4 368
17 5 368
17 6 369
17 7 369
17 8 369
17 9 369
17 10 370
17 11 370
17 12 370
17 13 370
17 14 371
17 15 371
17 16 371
17 17 371
17 18 372
17 19 372
17 20 372
17 21 372
17 22 373
17 23 373
17 24 373
17 25 373
17 26 374
17 27 374
17 28 374
17 29 374
17 30 375
17 31 375
17 32 375
17 33 375
17 34 376
17 35 376
17 36 376
17 37 376
17 38 377
17 39 377
17 40 377
17 41 377
17 42 378
17 43 378
17 44 378
17 45 378
17 46 379
17 47 379
17 48 379
17 49 379
17 50 380
17 51 380
17 52 380
17 53 380
17 54 381
17 55 381
17 56 381
17 57 381
17 58 382
17 59 382
17 60 382
17 61 382
17 62 383
17 63 383
17 64 383
17 65 383
17 66 384
17 67 384
17 68 384
17 69 384
17 70 385
17 71 385
17 72 385
17 73 385
17 74 386
17 75 386
17 76 386
17 77 386
17 78 387
17 79 387
17 80 387
17 81 387
17 82 388
17 83 388
17 84 388
17 85 388
17 86 389
17 87 389
17 88 389
17 89 389
17 90 390
17 91 390
17 92 390
17 93 390
17 94 391
17 95 391
17 96 391
17 97 391
17 98 367
17 99 367
18 2 392
18 3 392
18 4 392
18 5 392
18 6 393
18 7 393
18 8 393
18 9 393
18 10 394
18 11 394
18 12 394
18 13 394
18 14 395
18 15 395
18 16 395
18 17 395
18 18 396
18 19 396
18 20 396
18 21 396
18 22 397
18 23 397
18 24 397
18 25 397
18 26 398
18 27 398
18 28 398
18 29 398
18 30 399
18 31 399
18 32 399
18 33 399
18 34 400
18 35 400
18 36 400
18 37 400
18 38 401
18 39 401
18 40 401
18 41 401
18 42 402
18 43 402
18 44 402
18 45 402
18 46 403
18 47 403
18 48 403
18 49 403
18 50 404
18 51 404
18 52 404
18 53 404
18 54 405
18 55 405
18 56 405
18 57 405
18 58 406
18 59 406
18 60 406
18 61 406
18 62 407
18 63 407
18 64 407
18 65 407
18 66 408
18 67 408
18 68 408
18 69 408
18 70 409
18 71 409
18 72 409
18 73 409
18 74 410
18 75 410
18 76 410
18 77 410
18 78 411
18 79 411
18 80 411
18 81 411
18 82 412
18 83 412
18 84 412
18 85 412
18 86 413
18 87 413
18 88 413
18 89 413
18 90 414
18 91 414
18 92 414
18 93 414
18 94 415
18 95 415
18 96 415
18 97 415
18 98 416
18 99 416
19 2 417
19 3 417
19 4 417
19 5 417
19 6 418
19 7 418
19 8 418
19 9 418
19 10 419
19 11 419
19 12 419
19 13 419
19 14 420
19 15 420
19 16 420
19 17 420
19 18 421
19 19 421
19 20 421
19 21 421
19 22 422
19 23 422
19 24 422
19 25 422
19 26 423
19 27 423
19 28 423
19 29 423
19 30 424
19 31 424
19 32 424
19 33 424
19 34 425
19 35 425
19 36 425
19 37 425
19 38 426
19 39 426
19 40 426
19 41 426
19 42 427
19 43 427
19 44 427
19 45 427
19 46 428
19 47 428
19 48 428
19 49 428
19 50 429
19 51 429
19 52 429
19 53 429
19 54 430
19 55 430
19 56 430
19 57 430
19 58 431
19 59 431
19 60 431
19 61 431
19 62 432
19 63 432
19 64 432
19 65 432
19 66 433
19 67 433
19 68 433
19 69 433
19 70 434
19 71 434
19 72 434
19 73 434
19 74 435
19 75 435
19 76 435
19 77 435
19 78 436
19 79 436
19 80 436
19 81 436
19 82 437
19 83 437
19 84 437
19 85 437
19 86 438
19 87 438
19 88 438
19 89 438
19 90 439
19 91 439
19 92 439
19 93 439
19 94 440
19 95 440
19 96 440
19 97 440
19 98 416
19 99 416
20 2 441
20 3 441
20 4 441
20 5 441
20 6 442
20 7 442
20 8 442
20 9 442
20 10 443
20 11 443
20 12 443
20 13 443
20 14 444
20 15 444
20 16 444
20 17 444
20 18 445
20 19 445
20 20 445
20 21 445
20 22 446
20 23 446
20 24 446
20 25 446
20 26 447
20 27 447
20 28 447
20 29 447
20 30 448
20 31 448
20 32 448
20 33 448
20 34 449
20 35 449
20 36 449
20 37 449
20 38 450
20 39 450
20 40 450
20 41 450
20 42 451
20 43 451
20 44 451
20 45 451
20 46 452
20 47 452
20 48 452
20 49 452
20 50 453
20 51 453
20 52 453
20 53 453
20 54 454
20 55 454
20 56 454
20 57 454
20 58 455
20 59 455
20 60 455
20 61 455
20 62 456
20 63 456
20 64 456
20 65 456
20 66 457
20 67 457
20 68 457
20 69 457
20 70 458
20 71 458
20 72 458
20 73 458
20 74 459
20 75 459
20 76 459
20 77 459
20 78 460
20 79 460
20 80 460
20 81 460
20 82 461
20 83 461
20 84 461
20 85 461
20 86 462
20 87 462
20 88 462
20 89 462
20 90 463
20 91 463
20 92 463
20 93 463
20 94 464
20 95 464
20 96 464
20 97 464
20 98 465
20 99 465
21 2 466
21 3 466
21 4 466
21 5 466
21 6 467
21 7 467
21 8 467
21 9 467
21 10 468
21 11 468
21 12 468
21 13 468
21 14 469
21 15 469
21 16 469
21 17 469
21 18 470
21 19 470
21 20 470
21 21 470
21 22 471
21 23 471
21 24 471
21 25 471
21 26 472
21 27 472
21 28 472
21 29 472
21 30 473
21 31 473
21 32 473
21 33 473
21 34 474
21 35 474
21 36 474
21 37 474
21 38 475
21 39 475
21 40 475
21 41 475
21 42 476
21 43 476
21 44 476
21 45 476
21 46 477
21 47 477
21 48 477
21 49 477
21 50 478
21 51 478
21 52 478
21 53 478
21 54 479
21 55 479
21 56 479
21 57 479
21 58 480
21 59 480
21 60 480
21 61 480
21 62 481
21 63 481
21 64 481
21 65 481
21 66 482
21 67 482
21 68 482
21 69 482
21 70 483
21 71 483
21 72 483
21 73 483
21 74 484
21 75 484
21 76 484
21 77 484
21 78 485
21 79 485
21 80 485
21 81 485
21 82 486
21 83 486
21 84 486
21 85 486
21 86 487
21 87 487
21 88 487
21 89 487
21 90 488
21 91 488
21 92 488
21 93 488
21 94 489
21 95 489
21 96 489
21 97 489
21 98 465
21 99 465
22 2 490
22 3 490
22 4 490
22 5 490
22 6 491
22 7 491
22 8 491
22 9 491
22 10 492
22 11 492
22 12 492
22 13 492
22 14 493
22 15 493
22 16 493
22 17 493
22 18 494
22 19 494
22 20 494
22 21 494
22 22 495
22 23 495
22 24 495
22 25 495
22 26 496
22 27 496
22 28 496
22 29 496
22 30 497
22 31 497
22 32 497
22 33 497
22 34 498
22 35 498
22 36 498
22 37 498
22 38 499
22 39 499
22 40 499
22 41 499
22 42 500
22 43 500
22 44 500
22 45 500
22 46 501
22 47 501
22 48 501
22 49 501
22 50 502
22 51 502
22 52 502
22 53 502
22 54 503
22 55 503
22 56 503
22 57 503
22 58 504
22 59 504
22 60 504
22 61 504
22 62 505
22 63 505
22 64 505
22 65 505
22 66 506
22 67 506
22 68 506
22 69 506
22 70 507
22 71 507
22 72 507
22 73 507
22 74 508
22 75 508
22 76 508
22 77 508
22 78 509
22 79 509
22 80 509
22 81 509
22 82 510
22 83 510
22 84 510
22 85 510
22 86 511
22 87 511
22 88 511
22 89 511
22 90 512
22 91 512
22 92 512
22 93 512
22 94 513
22 95 513
22 96 513
22 97 513
22 98 514
22 99 514
23 2 515
23 3 515
23 4 515
23 5 515
23 6 516
23 7 516
23 8 516
23 9 516
23 10 517
23 11 517
23 12 517
23 13 517
23 14 518
23 15 518
23 16 518
23 17 518
23 18 519
23 19 519
23 20 519
23 21 519
23 22 520
23 23 520
23 24 520
23 25 520
23 26 521
23 27 521
23 28 521
23 29 521
23 30 522
23 31 522
23 32 522
23 33 522
23 34 523
23 35 523
23 36 523
23 37 523
23 38 524
23 39 524
23 40 524
23 41 524
23 42 525
23 43 525
23 44 525
23 45 525
23 46 526
23 47 526
23 48 526
23 49 526
23 50 527
23 51 527
23 52 527
23 53 527
23 54 528
23 55 528
23 56 528
23 57 528
23 58 529
23 59 529
23 60 529
23 61 529
23 62 530
23 63 530
23 64 530
23 65 530
23 66 531
23 67 531
23 68 531
23 69 531
23 70 532
23 71 532
23 72 532
23 73 532
23 74 533
23 75 533
23 76 533
23 77 533
23 78 534
23 79 534
23 80 534
23 81 534
23 82 535
23 83 535
23 84 535
23 85 535
23 86 536
23 87 536
23 88 536
23 89 536
23 90 537
23 91 537
23 92 537
23 93 537
23 94 538
23 95 538
23 96 538
23 97 538
23 98 514
23 99 514
24 2 539
24 3 539
24 4 539
24 5 539
24 6 540
24 7 540
24 8 540
24 9 540
24 10 541
24 11 541
24 12 541
24 13 541
24 14 542
24 15 542
24 16 542
24 17 542
24 18 543
24 19 543
24 20 543
24 21 543
24 22 544
24 23 544
24 24 544
24 25 544
24 26 545
24 27 545
24 28 545
24 29 545
24 30 546
24 31 546
24 32 546
24 33 546
24 34 547
24 35 547
24 36 547
24 37 547
24 38 548
24 39 548
24 40 548
24 41 548
24 42 549
24 43 549
24 44 549
24 45 549
24 46 550
24 47 550
24 48 550
24 49 550
24 50 551
24 51 551
24 52 551
24 53 551
24 54 552
24 55 552
24 56 552
24 57 552
24 58 553
24 59 553
24 60 553
24 61 553
24 62 554
24 63 554
24 64 554
24 65 554
24 66 555
24 67 555
24 68 555
24 69 555
24 70 556
24 71 556
24 72 556
24 73 556
24 74 557
24 75 557
24 76 557
24 77 557
24 78 558
24 79 558
24 80 558
24 81 558
24 82 559
24 83 559
24 84 559
24 85 559
24 86 560
24 87 560
24 88 560
24 89 560
24 90 561
24 91 561
24 92 561
24 93 561
24 94 562
24 95 562
24 96 562
24 97 562
24 98 563
24 99 563
25 2 564
25 3 564
25 4 564
25 5 564
25 6 565
25 7 565
25 8 565
25 9 565
25 10 566
25 11 566
25 12 566
25 13 566
25 14 567
25 15 567
25 16 567
25 17 567
25 18 568
25 19 568
25 20 568
25 21 568
25 22 569
25 23 569
25 24 569
25 25 569
25 26 570
25 27 570
25 28 570
25 29 570
25 30 571
25 31 571
25 32 571
25 33 571
25 34 572
25 35 572
25 36 572
25 37 572
25 38 573
25 39 573
25 40 573
25 41 573
25 42 574
25 43 574
25 44 574
25 45 574
25 46 575
25 47 575
25 48 575
25 49 575
25 50 576
25 51 576
25 52 576
25 53 576
25 54 577
25 55 577
25 56 577
25 57 577
25 58 578
25 59 578
25 60 578
25 61 578
25 62 579
25 63 579
25 64 579
25 65 579
25 66 580
25 67 580
25 68 580
25 69 580
25 70 581
25 71 581
25 72 581
25 73 581
25 74 582
25 75 582
25 76 582
25 77 582
25 78 583
25 79 583
25 80 583
25 81 583
25 82 584
25 83 584
25 84 584
25 85 584
25 86 585
25 87 585
25 88 585
25 89 585
25 90 586
25 91 586
25 92 586
25 93 586
25 94 587
25 95 587
25 96 587
25 97 587
25 98 563
25 99 563
26 2 588
26 3 588
26 4 588
26 5 588
26 6 589
26 7 589
26 8 589
26 9 589
26 10 590
26 11 590
26 12 590
26 13 590
26 14 591
26 15 591
26 16 591
26 17 591
26 18 592
26 19 592
26 20 592
26 21 592
26 22 593
26 23 593
26 24 593
26 25 593
26 26 594
26 27 594
26 28 594
26 29 594
26 30 595
26 31 595
26 32 595
26 33 595
26 34 596
26 35 596
26 36 596
26 37 596
26 38 597
26 39 597
26 40 597
26 41 597
26 42 598
26 43 598
26 44 598
26 45 598
26 46 599
26 47 599
26 48 599
26 49 599
26 50 600
26 51 600
26 52 600
26 53 600
26 54 601
26 55 601
26 56 601
26 57 601
26 58 602
26 59 602
26 60 602
26 61 602
26 62 603
26 63 603
26 64 603
26 65 603
26 66 604
26 67 604
26 68 604
26 69 604
26 70 605
26 71 605
26 72 605
26 73 605
26 74 606
26 75 606
26 76 606
26 77 606
26 78 607
26 79 607
26 80 607
26 81 607
26 82 608
26 83 608
26 84 608
26 85 608
26 86 609
26 87 609
26 88 609
26 89 609
26 90 610
26 91 610
26 92 610
26 93 610
26 94 611
26 95 611
26 96 611
26 97 611
26 98 612
26 99 612
27 2 613
27 3 613
27 4 613
27 5 613
27 6 614
27 7 614
27 8 614
27 9 614
27 10 615
27 11 615
27 12 615
27 13 615
27 14 616
27 15 616
27 16 616
27 17 616
27 18 617
27 19 617
27 20 617
27 21 617
27 22 618
27 23 618
27 24 618
27 25 618
27 26 619
27 27 619
27 28 619
27 29 619
27 30 620
27 31 620
27 32 620
27 33 620
27 34 621
27 35 621
27 36 621
27 37 621
27 38 622
27 39 622
27 40 622
27 41 622
27 42 623
27 43 623
27 44 623
27 45 623
27 46 624
27 47 624
27 48 624
27 49 624
27 50 625
27 51 625
27 52 625
27 53 625
27 54 626
27 55 626
27 56 626
27 57 626
27 58 627
27 59 627
27 60 627
27 61 627
27 62 628
27 63 628
27 64 628
27 65 628
27 66 629
27 67 629
27 68 629
27 69 629
27 70 630
27 71 630
27 72 630
27 73 630
27 74 631
27 75 631
27 76 631
27 77 631
27 78 632
27 79 632
27 80 632
27 81 632
27 82 633
27 83 633
27 84 633
27 85 633
27 86 634
27 87 634
27 88 634
27 89 634
27 90 635
27 91 635
27 92 635
27 93 635
27 94 636
27 95 636
27 96 636
27 97 636
27 98 612
27 99 612
28 2 637
28 3 637
28 4 637
28 5 637
28 6 638
28 7 638
28 8 638
28 9 638
28 10 639
28 11 639
28 12 639
28 13 639
28 14 640
28 15 640
28 16 640
28 17 640
28 18 641
28 19 641
28 20 641
28 21 641
28 22 642
28 23 642
28 24 642
28 25 642
28 26 643
28 27 643
28 28 643
28 29 643
28 30 644
28 31 644
28 32 644
28 33 644
28 34 645
28 35 645
28 36 645
28 37 645
28 38 646
28 39 646
28 40 646
28 41 646
28 42 647
28 43 647
28 44 647
28 45 647
28 46 648
28 47 648
28 48 648
28 49 648
28 50 649
28 51 649
28 52 649
28 53 649
28 54 650
28 55 650
28 56 650
28 57 650
28 58 651
28 59 651
28 60 651
28 61 651
28 62 652
28 63 652
28 64 652
28 65 652
28 66 653
28 67 653
28 68 653
28 69 653
28 70 654
28 71 654
28 72 654
28 73 654
28 74 655
28 75 655
28 76 655
28 77 655
28 78 656
28 79 656
28 80 656
28 81 656
28 82 657
28 83 657
28 84 657
28 85 657
28 86 658
28 87 658
28 88 658
28 89 658
28 90 659
28 91 659
28 92 659
28 93 659
28 94 660
28 95 660
28 96 660
28 97 660
28 98 661
28 99 661
29 2 662
29 3 662
29 4 662
29 5 662
29 6 663
29 7 663
29 8 663
29 9 663
29 10 664
29 11 664
29 12 664
29 13 664
29 14 665
29 15 665
29 16 665
29 17 665
29 18 666
29 19 666
29 20 666
29 21 666
29 22 667
29 23 667
29 24 667
29 25 667
29 26 668
29 27 668
29 28 668
29 29 668
29 30 669
29 31 669
29 32 669
29 33 669
29 34 670
29 35 670
29 36 670
29 37 670
29 38 671
29 39 671
29 40 671
29 41 671
29 42 672
29 43 672
29 44 672
29 45 672
29 46 673
29 47 673
29 48 673
29 49 673
29 50 674
29 51 674
29 52 674
29 53 674
29 54 675
29 55 675
29 56 675
29 57 675
29 58 676
29 59 676
29 60 676
29 61 676
29 62 677
29 63 677
29 64 677
29 65 677
29 66 678
29 67 678
29 68 678
29 69 678
29 70 679
29 71 679
29 72 679
29 73 679
29 74 680
29 75 680
29 76 680
29 77 680
29 78 681
29 79 681
29 80 681
29 81 681
29 82 682
29 83 682
29 84 682
29 85 682
29 86 683
29 87 683
29 88 683
29 89 683
29 90 684
29 91 684
29 92 684
29 93 684
29 94 685
29 95 685
29 96 685
29 97 685
29 98 661
29 99 661
30 2 686
30 3 686
30 4 686
30 5 686
30 6 687
30 7 687
30 8 687
30 9 687
30 10 688
30 11 688
30 12 688
30 13 688
30 14 689
30 15 689
30 16 689
30 17 689
30 18 690
30 19 690
30 20 690
30 21 690
30 22 691
30 23 691
30 24 691
30 25 691
30 26 692
30 27 692
30 28 692
30 29 692
30 30 693
30 31 693
30 32 693
30 33 693
30 34 694
30 35 694
30 36 694
30 37 694
30 38 695
30 39 695
30 40 695
30 41 695
30 42 696
30 43 696
30 44 696
30 45 696
30 46 697
30 47 697
30 48 697
30 49 697
30 50 698
30 51 698
30 52 698
30 53 698
30 54 699
30 55 699
30 56 699
30 57 699
30 58 700
30 59 700
30 60 700
30 61 700
30 62 701
30 63 701
30 64 701
30 65 701
30 66 702
30 67 702
30 68 702
30 69 702
30 70 703
30 71 703
30 72 703
30 73 703
30 74 704
30 75 704
30 76 704
30 77 704
30 78 705
30 79 705
30 80 705
30 81 705
30 82 706
30 83 706
30 84 706
30 85 706
30 86 707
30 87 707
30 88 707
30 89 707
30 90 708
30 91 708
30 92 708
30 93 708
30 94 709
30 95 709
30 96 709
30 97 709
30 98 710
30 99 710
31 2 711
31 3 711
31 4 711
31 5 711
31 6 712
31 7 712
31 8 712
31 9 712
31 10 713
31 11 713
31 12 713
31 13 713
31 14 714
31 15 714
31 16 714
31 17 714
31 18 715
31 19 715
31 20 715
31 21 715
31 22 716
31 23 716
31 24 716
31 25 716
31 26 717
31 27 717
31 28 717
31 29 717
31 30 718
31 31 718
31 32 718
31 33 718
31 34 719
31 35 719
31 36 719
31 37 719
31 38 720
31 39 720
31 40 720
31 41 720
31 42 721
31 43 721
31 44 721
31 45 721
31 46 722
31 47 722
31 48 722
31 49 722
31 50 723
31 51 723
31 52 723
31 53 723
31 54 724
31 55 724
31 56 724
31 57 724
31 58 725
31 59 725
31 60 725
31 61 725
31 62 726
31 63 726
31 64 726
31 65 726
31 66 727
31 67 727
31 68 727
31 69 727
31 70 728
31 71 728
31 72 728
31 73 728
31 74 729
31 75 729
31 76 729
31 77 729
31 78 730
31 79 730
31 80 730
31 81 730
31 82 731
31 83 731
31 84 731
31 85 731
31 86 732
31 87 732
31 88 732
31 89 732
31 90 733
31 91 733
31 92 733
31 93 733
31 94 734
31 95 734
31 96 734
31 97 734
31 98 710
31 99 710
32 2 735
32 3 735
32 4 735
32 5 735
32 6 736
32 7 736
32 8 736
32 9 736
32 10 737
32 11 737
32 12 737
32 13 737
32 14 738
32 15 738
32 16 738
32 17 738
32 18 739
32 19 739
32 20 739
32 21 739
32 22 740
32 23 740
32 24 740
32 25 740
32 26 741
32 27 741
32 28 741
32 29 741
32 30 742
32 31 742
32 32 742
32 33 742
32 34 743
32 35 743
32 36 743
32 37 743
32 38 744
32 39 744
32 40 744
32 41 744
32 42 745
32 43 745
32 44 745
32 45 745
32 46 746
32 47 746
32 48 746
32 49 746
32 50 747
32 51 747
32 52 747
32 53 747
32 54 748
32 55 748
32 56 748
32 57 748
32 58 749
32 59 749
32 60 749
32 61 749
32 62 750
32 63 750
32 64 750
32 65 750
32 66 751
32 67 751
32 68 751
32 69 751
32 70 752
32 71 752
32 72 752
32 73 752
32 74 753
32 75 753
32 76 753
32 77 753
32 78 754
32 79 754
32 80 754
32 81 754
32 82 755
32 83 755
32 84 755
32 85 755
32 86 756
32 87 756
32 88 756
32 89 756
32 90 757
32 91 757
32 92 757
32 93 757
32 94 758
32 95 758
32 96 758
32 97 758
32 98 759
32 99 759
33 2 760
33 3 760
33 4 760
33 5 760
33 6 761
33 7 761
33 8 761
33 9 761
33 10 762
33 11 762
33 12 762
33 13 762
33 14 763
33 15 763
33 16 763
33 17 763
33 18 764
33 19 764
33 20 764
33 21 764
33 22 765
33 23 765
33 24 765
33 25 765
33 26 766
33 27 766
33 28 766
33 29 766
33 30 767
33 31 767
33 32 767
33 33 767
33 34 768
33 35 768
33 36 768
33 37 768
33 38 769
33 39 769
33 40 769
33 41 769
33 42 770
33 43 770
33 44 770
33 45 770
33 46 771
33 47 771
33 48 771
33 49 771
33 50 772
33 51 772
33 52 772
33 53 772
33 54 773
33 55 773
33 56 773
33 57 773
33 58 774
33 59 774
33 60 774
33 61 774
33 62 775
33 63 775
33 64 775
33 65 775
33 66 776
33 67 776
33 68 776
33 69 776
33 70 777
33 71 777
33 72 777
33 73 777
33 74 778
33 75 778
33 76 778
33 77 778
33 78 779
33 79 779
33 80 779
33 81 779
33 82 780
33 83 780
33 84 780
33 85 780
33 86 781
33 87 781
33 88 781
33 89 781
33 90 782
33 91 782
33 92 782
33 93 782
33 94 783
33 95 783
33 96 783
33 97 783
33 98 759
33 99 759
34 2 784
34 3 784
34 4 784
34 5 784
34 6 785
34 7 785
34 8 785
34 9 785
34 10 786
34 11 786
34 12 786
34 13 786
34 14 787
34 15 787
34 16 787
34 17 787
34 18 788
34 19 788
34 20 788
34 21 788
34 22 789
34 23 789
34 24 789
34 25 789
34 26 790
34 27 790
34 28 790
34 29 790
34 30 791
34 31 791
34 32 791
34 33 791
34 34 792
34 35 792
34 36 792
34 37 792
34 38 793
34 39 793
34 40 793
34 41 793
34 42 794
34 43 794
34 44 794
34 45 794
34 46 795
34 47 795
34 48 795
34 49 795
34 50 796
34 51 796
34 52 796
34 53 796
34 54 797
34 55 797
34 56 797
34 57 797
34 58 798
34 59 798
34 60 798
34 61 798
34 62 799
34 63 799
34 64 799
34 65 799
34 66 800
34 67 800
34 68 800
34 69 800
34 70 801
34 71 801
34 72 801
34 73 801
34 74 802
34 75 802
34 76 802
34 77 802
34 78 803
34 79 803
34 80 803
34 81 803
34 82 804
34 83 804
34 84 804
34 85 804
34 86 805
34 87 805
34 88 805
34 89 805
34 90 806
34 91 806
34 92 806
34 93 806
34 94 807
34 95 807
34 96 807
34 97 807
34 98 808
34 99 808
35 2 809
35 3 809
35 4 809
35 5 809
35 6 810
35 7 810
35 8 810
35 9 810
35 10 811
35 11 811
35 12 811
35 13 811
35 14 812
35 15 812
35 16 812
35 17 812
35 18 813
35 19 813
35 20 813
35 21 813
35 22 814
35 23 814
35 24 814
35 25 814
35 26 815
35 27 815
35 28 815
35 29 815
35 30 816
35 31 816
35 32 816
35 33 816
35 34 817
35 35 817
35 36 817
35 37 817
35 38 818
35 39 818
35 40 818
35 41 818
35 42 819
35 43 819
35 44 819
35 45 819
35 46 820
35 47 820
35 48 820
35 49 820
35 50 821
35 51 821
35 52 821
35 53 821
35 54 822
35 55 822
35 56 822
35 57 822
35 58 823
35 59 823
35 60 823
35 61 823
35 62 824
35 63 824
35 64 824
35 65 824
35 66 825
35 67 825
35 68 825
35 69 825
35 70 826
35 71 826
35 72 826
35 73 826
35 74 827
35 75 827
35 76 827
35 77 827
35 78 828
35 79 828
35 80 828
35 81 828
35 82 829
35 83 829
35 84 829
35 85 829
35 86 830
35 87 830
35 88 830
35 89 830
35 90 831
35 91 831
35 92 831
35 93 831
35 94 832
35 95 832
35 96 832
35 97 832
35 98 808
35 99 808
36 2 833
36 3 833
36 4 833
36 5 833
36 6 834
36 7 834
36 8 834
36 9 834
36 10 835
36 11 835
36 12 835
36 13 835
36 14 836
36 15 836
36 16 836
36 17 836
36 18 837
36 19 837
36 20 837
36 21 837
36 22 838
36 23 838
36 24 838
36 25 838
36 26 839
36 27 839
36 28 839
36 29 839
36 30 840
36 31 840
36 32 840
36 33 840
36 34 841
36 35 841
36 36 841
36 37 841
36 38 842
36 39 842
36 40 842
36 41 842
36 42 843
36 43 843
36 44 843
36 45 843
36 46 844
36 47 844
36 48 844
36 49 844
36 50 845
36 51 845
36 52 845
36 53 845
36 54 846
36 55 846
36 56 846
36 57 846
36 58 847
36 59 847
36 60 847
36 61 847
36 62 848
36 63 848
36 64 848
36 65 848
36 66 849
36 67 849
36 68 849
36 69 849
36 70 850
36 71 850
36 72 850
36 73 850
36 74 851
36 75 851
36 76 851
36 77 851
36 78 852
36 79 852
36 80 852
36 81 852
36 82 853
36 83 853
36 84 853
36 85 853
36 86 854
36 87 854
36 88 854
36 89 854
36 90 855
36 91 855
36 92 855
36 93 855
36 94 856
36 95 856
36 96 856
36 97 856
36 98 857
36 99 857
37 2 858
37 3 858
37 4 858
37 5 858
37 6 859
37 7 859
37 8 859
37 9 859
37 10 860
37 11 860
37 12 860
37 13 860
37 14 861
37 15 861
37 16 861
37 17 861
37 18 862
37 19 862
37 20 862
37 21 862
37 22 863
37 23 863
37 24 863
37 25 863
37 26 864
37 27 864
37 28 864
37 29 864
37 30 865
37 31 865
37 32 865
37 33 865
37 34 866
37 35 866
37 36 866
37 37 866
37 38 867
37 39 867
37 40 867
37 41 867
37 42 868
37 43 868
37 44 868
37 45 868
37 46 869
37 47 869
37 48 869
37 49 869
37 50 870
37 51 870
37 52 870
37 53 870
37 54 871
37 55 871
37 56 871
37 57 871
37 58 872
37 59 872
37 60 872
37 61 872
37 62 873
37 63 873
37 64 873
37 65 873
37 66 874
37 67 874
37 68 874
37 69 874
37 70 875
37 71 875
37 72 875
37 73 875
37 74 876
37 75 876
37 76 876
37 77 876
37 78 877
37 79 877
37 80 877
37 81 877
37 82 878
37 83 878
37 84 878
37 85 878
37 86 879
37 87 879
37 88 879
37 89 879
37 90 880
37 91 880
37 92 880
37 93 880
37 94 881
37 95 881
37 96 881
37 97 881
37 98 857
37 99 857
38 2 882
38 3 882
38 4 882
38 5 882
38 6 883
38 7 883
38 8 883
38 9 883
38 10 884
38 11 884
38 12 884
38 13 884
38 14 885
38 15 885
38 16 885
38 17 885
38 18 886
38 19 886
38 20 886
38 21 886
38 22 887
38 23 887
38 24 887
38 25 887
38 26 888
38 27 888
38 28 888
38 29 888
38 30 889
38 31 889
38 32 889
38 33 889
38 34 890
38 35 890
38 36 890
38 37 890
38 38 891
38 39 891
38 40 891
38 41 891
38 42 892
38 43 892
38 44 892
38 45 892
38 46 893
38 47 893
38 48 893
38 49 893
38 50 894
38 51 894
38 52 894
38 53 894
38 54 895
38 55 895
38 56 895
38 57 895
38 58 896
38 59 896
38 60 896
38 61 896
38 62 897
38 63 897
38 64 897
38 65 897
38 66 898
38 67 898
38 68 898
38 69 898
38 70 899
38 71 899
38 72 899
38 73 899
38 74 900
38 75 900
38 76 900
38 77 900
38 78 901
38 79 901
38 80 901
38 81 901
38 82 902
38 83 902
38 84 902
38 85 902
38 86 903
38 87 903
38 88 903
38 89 903
38 90 904
38 91 904
38 92 904
38 93 904
38 94 905
38 95 905
38 96 905
38 97 905
38 98 906
38 99 906
39 2 907
39 3 907
39 4 907
39 5 907
39 6 908
39 7 908
39 8 908
39 9 908
39 10 909
39 11 909
39 12 909
39 13 909
39 14 910
39 15 910
39 16 910
39 17 910
39 18 911
39 19 911
39 20 911
39 21 911
39 22 912
39 23 912
39 24 912
39 25 912
39 26 913
39 27 913
39 28 913
39 29 913
39 30 914
39 31 914
39 32 914
39 33 914
39 34 915
39 35 915
39 36 915
39 37 915
39 38 916
39 39 916
39 40 916
39 41 916
39 42 917
39 43 917
39 44 917
39 45 917
39 46 918
39 47 918
39 48 918
39 49 918
39 50 919
39 51 919
39 52 919
39 53 919
39 54 920
39 55 920
39 56 920
39 57 920
39 58 921
39 59 921
39 60 921
39 61 921
39 62 922
39 63 922
39 64 922
39 65 922
39 66 923
39 67 923
39 68 923
39 69 923
39 70 924
39 71 924
39 72 924
39 73 924
39 74 925
39 75 925
39 76 925
39 77 925
39 78 926
39 79 926
39 80 926
39 81 926
39 82 927
39 83 927
39 84 927
39 85 927
39 86 928
39 87 928
39 88 928
39 89 928
39 90 929
39 91 929
39 92 929
39 93 929
39 94 930
39 95 930
39 96 930
39 97 930
39 98 906
39 99 906
40 2 931
40 3 931
40 4 931
40 5 931
40 6 932
40 7 932
40 8 932
40 9 932
40 10 933
40 11 933
40 12 933
40 13 933
40 14 934
40 15 934
40 16 934
40 17 934
40 18 935
40 19 935
40 20 935
40 21 935
40 22 936
40 23 936
40 24 936
40 25 936
40 26 937
40 27 937
40 28 937
40 29 937
40 30 938
40 31 938
40 32 938
40 33 938
40 34 939
40 35 939
40 36 939
40 37 939
40 38 940
40 39 940
40 40 940
40 41 940
40 42 941
40 43 941
40 44 941
40 45 941
40 46 942
40 47 942
40 48 942
40 49 942
40 50 943
40 51 943
40 52 943
40 53 943
40 54 944
40 55 944
40 56 944
40 57 944
40 58 945
40 59 945
40 60 945
40 61 945
40 62 946
40 63 946
40 64 946
40 65 946
40 66 947
40 67 947
40 68 947
40 69 947
40 70 948
40 71 948
40 72 948
40 73 948
40 74 949
40 75 949
40 76 949
40 77 949
40 78 950
40 79 950
40 80 950
40 81 950
40 82 951
40 83 951
40 84 951
40 85 951
40 86 952
40 87 952
40 88 952
40 89 952
40 90 953
40 91 953
40 92 953
40 93 953
40 94 954
40 95 954
40 96 954
40 97 954
40 98 955
40 99 955
41 2 956
41 3 956
41 4 956
41 5 956
41 6 957
41 7 957
41 8 957
41 9 957
41 10 958
41 11 958
41 12 958
41 13 958
41 14 959
41 15 959
41 16 959
41 17 959
41 18 960
41 19 960
41 20 960
41 21 960
41 22 961
41 23 961
41 24 961
41 25 961
41 26 962
41 27 962
41 28 962
41 29 962
41 30 963
41 31 963
41 32 963
41 33 963
41 34 964
41 35 964
41 36 964
41 37 964
41 38 965
41 39 965
41 40 965
41 41 965
41 42 966
41 43 966
41 44 966
41 45 966
41 46 967
41 47 967
41 48 967
41 49 967
41 50 968
41 51 968
41 52 968
41 53 968
41 54 969
41 55 969
41 56 969
41 57 969
41 58 970
41 59 970
41 60 970
41 61 970
41 62 971
41 63 971
41 64 971
41 65 971
41 66 972
41 67 972
41 68 972
41 69 972
41 70 973
41 71 973
41 72 973
41 73 973
41 74 974
41 75 974
41 76 974
41 77 974
41 78 975
41 79 975
41 80 975
41 81 975
41 82 976
41 83 976
41 84 976
41 85 976
41 86 977
41 87 977
41 88 977
41 89 977
41 90 978
41 91 978
41 92 978
41 93 978
41 94 979
41 95 979
41 96 979
41 97 979
41 98 955
41 99 955
42 2 980
42 3 980
42 4 980
42 5 980
42 6 981
42 7 981
42 8 981
42 9 981
42 10 982
42 11 982
42 12 982
42 13 982
42 14 983
42 15 983
42 16 983
42 17 983
42 18 984
42 19 984
42 20 984
42 21 984
42 22 985
42 23 985
42 24 985
42 25 985
42 26 986
42 27 986
42 28 986
42 29 986
42 30 987
42 31 987
42 32 987
42 33 987
42 34 988
42 35 988
42 36 988
42 37 988
42 38 989
42 39 989
42 40 989
42 41 989
42 42 990
42 43 990
42 44 990
42 45 990
42 46 991
42 47 991
42 48 991
42 49 991
42 50 992
42 51 992
42 52 992
42 53 992
42 54 993
42 55 993
42 56 993
42 57 993
42 58 994
42 59 994
42 60 994
42 61 994
42 62 995
42 63 995
42 64 995
42 65 995
42 66 996
42 67 996
42 68 996
42 69 996
42 70 997
42 71 997
42 72 997
42 73 997
42 74 998
42 75 998
42 76 998
42 77 998
42 78 999
42 79 999
42 80 999
42 81 999
42 82 1000
42 83 1000
42 84 1000
42 85 1000
42 86 1001
42 87 1001
42 88 1001
42 89 1001
42 90 1002
42 91 1002
42 92 1002
42 93 1002
42 94 1003
42 95 1003
42 96 1003
42 97 1003
42 98 1004
42 99 1004
43 2 1005
43 3 1005
43 4 1005
43 5 1005
43 6 1006
43 7 1006
43 8 1006
43 9 1006
43 10 1007
43 11 1007
43 12 1007
43 13 1007
43 14 1008
43 15 1008
43 16 1008
43 17 1008
43 18 1009
43 19 1009
43 20 1009
43 21 1009
43 22 1010
43 23 1010
43 24 1010
43 25 1010
43 26 1011
43 27 1011
43 28 1011
43 29 1011
43 30 1012
43 31 1012
43 32 1012
43 33 1012
43 34 1013
43 35 1013
43 36 1013
43 37 1013
43 38 1014
43 39 1014
43 40 1014
43 41 1014
43 42 1015
43 43 1015
43 44 1015
43 45 1015
43 46 1016
43 47 1016
43 48 1016
43 49 1016
43 50 1017
43 51 1017
43 52 1017
43 53 1017
43 54 1018
43 55 1018
43 56 1018
43 57 1018
43 58 1019
43 59 1019
43 60 1019
43 61 1019
43 62 1020
43 63 1020
43 64 1020
43 65 1020
43 66 1021
43 67 1021
43 68 1021
43 69 1021
43 70 1022
43 71 1022
43 72 1022
43 73 1022
43 74 1023
43 75 1023
43 76 1023
43 77 1023
43 78 1024
43 79 1024
43 80 1024
43 81 1024
43 82 1025
43 83 1025
43 84 1025
43 85 1025
43 86 1026
43 87 1026
43 88 1026
43 89 1026
43 90 1027
43 91 1027
43 92 1027
43 93 1027
43 94 1028
43 95 1028
43 96 1028
43 97 1028
43 98 1004
43 99 1004
44 2 1029
44 3 1029
44 4 1029
44 5 1029
44 6 1030
44 7 1030
44 8 1030
44 9 1030
44 10 1031
44 11 1031
44 12 1031
44 13 1031
44 14 1032
44 15 1032
44 16 1032
44 17 1032
44 18 1033
44 19 1033
44 20 1033
44 21 1033
44 22 1034
44 23 1034
44 24 1034
44 25 1034
44 26 1035
44 27 1035
44 28 1035
44 29 1035
44 30 1036
44 31 1036
44 32 1036
44 33 1036
44 34 1037
44 35 1037
44 36 1037
44 37 1037
44 38 1038
44 39 1038
44 40 1038
44 41 1038
44 42 1039
44 43 1039
44 44 1039
44 45 1039
44 46 1040
44 47 1040
44 48 1040
44 49 1040
44 50 1041
44 51 1041
44 52 1041
44 53 1041
44 54 1042
44 55 1042
44 56 1042
44 57 1042
44 58 1043
44 59 1043
44 60 1043
44 61 1043
44 62 1044
44 63 1044
44 64 1044
44 65 1044
44 66 1045
44 67 1045
44 68 1045
44 69 1045
44 70 1046
44 71 1046
44 72 1046
44 73 1046
44 74 1047
44 75 1047
44 76 1047
44 77 1047
44 78 1048
44 79 1048
44 80 1048
44 81 1048
44 82 1049
44 83 1049
44 84 1049
44 85 1049
44 86 1050
44 87 1050
44 88 1050
44 89 1050
44 90 1051
44 91 1051
44 92 1051
44 93 1051
44 94 1052
44 95 1052
44 96 1052
44 97 1052
44 98 1053
44 99 1053
45 2 1054
45 3 1054
45 4 1054
45 5 1054
45 6 1055
45 7 1055
45 8 1055
45 9 1055
45 10 1056
45 11 1056
45 12 1056
45 13 1056
45 14 1057
45 15 1057
45 16 1057
45 17 1057
45 18 1058
45 19 1058
45 20 1058
45 21 1058
45 22 1059
45 23 1059
45 24 1059
45 25 1059
45 26 1060
45 27 1060
45 28 1060
45 29 1060
45 30 1061
45 31 1061
45 32 1061
45 33 1061
45 34 1062
45 35 1062
45 36 1062
45 37 1062
45 38 1063
45 39 1063
45 40 1063
45 41 1063
45 42 1064
45 43 1064
45 44 1064
45 45 1064
45 46 1065
45 47 1065
45 48 1065
45 49 1065
45 50 1066
45 51 1066
45 52 1066
45 53 1066
45 54 1067
45 55 1067
45 56 1067
45 57 1067
45 58 1068
45 59 1068
45 60 1068
45 61 1068
45 62 1069
45 63 1069
45 64 1069
45 65 1069
45 66 1070
45 67 1070
45 68 1070
45 69 1070
45 70 1071
45 71 1071
45 72 1071
45 73 1071
45 74 1072
45 75 1072
45 76 1072
45 77 1072
45 78 1073
45 79 1073
45 80 1073
45 81 1073
45 82 1074
45 83 1074
45 84 1074
45 85 1074
45 86 1075
45 87 1075
45 88 1075
45 89 1075
45 90 1076
45 91 1076
45 92 1076
45 93 1076
45 94 1077
45 95 1077
45 96 1077
45 97 1077
45 98 1053
45 99 1053
46 2 1078
46 3 1078
46 4 1078
46 5 1078
46 6 1079
46 7 1079
46 8 1079
46 9 1079
46 10 1080
46 11 1080
46 12 1080
46 13 1080
46 14 1081
46 15 1081
46 16 1081
46 17 1081
46 18 1082
46 19 1082
46 20 1082
46 21 1082
46 22 1083
46 23 1083
46 24 1083
46 25 1083
46 26 1084
46 27 1084
46 28 1084
46 29 1084
46 30 1085
46 31 1085
46 32 1085
46 33 1085
46 34 1086
46 35 1086
46 36 1086
46 37 1086
46 38 1087
46 39 1087
46 40 1087
46 41 1087
46 42 1088
46 43 1088
46 44 1088
46 45 1088
46 46 1089
46 47 1089
46 48 1089
46 49 1089
46 50 1090
46 51 1090
46 52 1090
46 53 1090
46 54 1091
46 55 1091
46 56 1091
46 57 1091
46 58 1092
46 59 1092
46 60 1092
46 61 1092
46 62 1093
46 63 1093
46 64 1093
46 65 1093
46 66 1094
46 67 1094
46 68 1094
46 69 1094
46 70 1095
46 71 1095
46 72 1095
46 73 1095
46 74 1096
46 75 1096
46 76 1096
46 77 1096
46 78 1097
46 79 1097
46 80 1097
46 81 1097
46 82 1098
46 83 1098
46 84 1098
46 85 1098
46 86 1099
46 87 1099
46 88 1099
46 89 1099
46 90 1100
46 91 1100
46 92 1100
46 93 1100
46 94 1101
46 95 1101
46 96 1101
46 97 1101
46 98 1102
46 99 1102
47 2 1103
47 3 1103
47 4 1103
47 5 1103
47 6 1104
47 7 1104
47 8 1104
47 9 1104
47 10 1105
47 11 1105
47 12 1105
47 13 1105
47 14 1106
47 15 1106
47 16 1106
47 17 1106
47 18 1107
47 19 1107
47 20 1107
47 21 1107
47 22 1108
47 23 1108
47 24 1108
47 25 1108
47 26 1109
47 27 1109
47 28 1109
47 29 1109
47 30 1110
47 31 1110
47 32 1110
47 33 1110
47 34 1111
47 35 1111
47 36 1111
47 37 1111
47 38 1112
47 39 1112
47 40 1112
47 41 1112
47 42 1113
47 43 1113
47 44 1113
47 45 1113
47 46 1114
47 47 1114
47 48 1114
47 49 1114
47 50 1115
47 51 1115
47 52 1115
47 53 1115
47 54 1116
47 55 1116
47 56 1116
47 57 1116
47 58 1117
47 59 1117
47 60 1117
47 61 1117
47 62 1118
47 63 1118
47 64 1118
47 65 1118
47 66 1119
47 67 1119
47 68 1119
47 69 1119
47 70 1120
47 71 1120
47 72 1120
47 73 1120
47 74 1121
47 75 1121
47 76 1121
47 77 1121
47 78 1122
47 79 1122
47 80 1122
47 81 1122
47 82 1123
47 83 1123
47 84 1123
47 85 1123
47 86 1124
47 87 1124
47 88 1124
47 89 1124
47 90 1125
47 91 1125
47 92 1125
47 93 1125
47 94 1126
47 95 1126
47 96 1126
47 97 1126
47 98 1102
47 99 1102
48 2 1127
48 3 1127
48 4 1127
48 5 1127
48 6 1128
48 7 1128
48 8 1128
48 9 1128
48 10 1129
48 11 1129
48 12 1129
48 13 1129
48 14 1130
48 15 1130
48 16 1130
48 17 1130
48 18 1131
48 19 1131
48 20 1131
48 21 1131
48 22 1132
48 23 1132
48 24 1132
48 25 1132
48 26 1133
48 27 1133
48 28 1133
48 29 1133
48 30 1134
48 31 1134
48 32 1134
48 33 1134
48 34 1135
48 35 1135
48 36 1135
48 37 1135
48 38 1136
48 39 1136
48 40 1136
48 41 1136
48 42 1137
48 43 1137
48 44 1137
48 45 1137
48 46 1138
48 47 1138
48 48 1138
48 49 1138
48 50 1139
48 51 1139
48 52 1139
48 53 1139
48 54 1140
48 55 1140
48 56 1140
48 57 1140
48 58 1141
48 59 1141
48 60 1141
48 61 1141
48 62 1142
48 63 1142
48 64 1142
48 65 1142
48 66 1143
48 67 1143
48 68 1143
48 69 1143
48 70 1144
48 71 1144
48 72 1144
48 73 1144
48 74 1145
48 75 1145
48 76 1145
48 77 1145
48 78 1146
48 79 1146
48 80 1146
48 81 1146
48 82 1147
48 83 1147
48 84 1147
48 85 1147
48 86 1148
48 87 1148
48 88 1148
48 89 1148
48 90 1149
48 91 1149
48 92 1149
48 93 1149
48 94 1150
48 95 1150
48 96 1150
48 97 1150
48 98 1151
48 99 1151
49 2 1152
49 3 1152
49 4 1152
49 5 1152
49 6 1153
49 7 1153
49 8 1153
49 9 1153
49 10 1154
49 11 1154
49 12 1154
49 13 1154
49 14 1155
49 15 1155
49 16 1155
49 17 1155
49 18 1156
49 19 1156
49 20 1156
49 21 1156
49 22 1157
49 23 1157
49 24 1157
49 25 1157
49 26 1158
49 27 1158
49 28 1158
49 29 1158
49 30 1159
49 31 1159
49 32 1159
49 33 1159
49 34 1160
49 35 1160
49 36 1160
49 37 1160
49 38 1161
49 39 1161
49 40 1161
49 41 1161
49 42 1162
49 43 1162
49 44 1162
49 45 1162
49 46 1163
49 47 1163
49 48 1163
49 49 1163
49 50 1164
49 51 1164
49 52 1164
49 53 1164
49 54 1165
49 55 1165
49 56 1165
49 57 1165
49 58 1166
49 59 1166
49 60 1166
49 61 1166
49 62 1167
49 63 1167
49 64 1167
49 65 1167
49 66 1168
49 67 1168
49 68 1168
49 69 1168
49 70 1169
49 71 1169
49 72 1169
49 73 1169
49 74 1170
49 75 1170
49 76 1170
49 77 1170
49 78 1171
49 79 1171
49 80 1171
49 81 1171
49 82 1172
49 83 1172
49 84 1172
49 85 1172
49 86 1173
49 87 1173
49 88 1173
49 89 1173
49 90 1174
49 91 1174
49 92 1174
49 93 1174
49 94 1175
49 95 1175
49 96 1175
49 97 1175
49 98 1151
49 99 1151
50 2 1176
50 3 1176
50 4 1176
50 5 1176
50 6 1177
50 7 1177
50 8 1177
50 9 1177
50 10 1178
50 11 1178
50 12 1178
50 13 1178
50 14 1179
50 15 1179
50 16 1179
50 17 1179
50 18 1180
50 19 1180
50 20 1180
50 21 1180
50 22 1181
50 23 1181
50 24 1181
50 25 1181
50 26 1182
50 27 1182
50 28 1182
50 29 1182
50 30 1183
50 31 1183
50 32 1183
50 33 1183
50 34 1184
50 35 1184
50 36 1184
50 37 1184
50 38 1185
50 39 1185
50 40 1185
50 41 1185
50 42 1186
50 43 1186
50 44 1186
50 45 1186
50 46 1187
50 47 1187
50 48 1187
50 49 1187
50 50 1188
50 51 1188
50 52 1188
50 53 1188
50 54 1189
50 55 1189
50 56 1189
50 57 1189
50 58 1190
50 59 1190
50 60 1190
50 61 1190
50 62 1191
50 63 1191
50 64 1191
50 65 1191
50 66 1192
50 67 1192
50 68 1192
50 69 1192
50 70 1193
50 71 1193
50 72 1193
50 73 1193
50 74 1194
50 75 1194
50 76 1194
50 77 1194
50 78 1195
50 79 1195
50 80 1195
50 81 1195
50 82 1196
50 83 1196
50 84 1196
50 85 1196
50 86 1197
50 87 1197
50 88 1197
50 89 1197
50 90 1198
50 91 1198
50 92 1198
50 93 1198
50 94 1199
50 95 1199
50 96 1199
50 97 1199
50 98 1200
50 99 1200
51 2 1201
51 3 1201
51 4 1201
51 5 1201
51 6 1202
51 7 1202
51 8 1202
51 9 1202
51 10 1203
51 11 1203
51 12 1203
51 13 1203
51 14 1204
51 15 1204
51 16 1204
51 17 1204
51 18 1205
51 19 1205
51 20 1205
51 21 1205
51 22 1206
51 23 1206
51 24 1206
51 25 1206
51 26 1207
51 27 1207
51 28 1207
51 29 1207
51 30 1208
51 31 1208
51 32 1208
51 33 1208
51 34 1209
51 35 1209
51 36 1209
51 37 1209
51 38 1210
51 39 1210
51 40 1210
51 41 1210
51 42 1211
51 43 1211
51 44 1211
51 45 1211
51 46 1212
51 47 1212
51 48 1212
51 49 1212
51 50 1213
51 51 1213
51 52 1213
51 53 1213
51 54 1214
51 55 1214
51 56 1214
51 57 1214
51 58 1215
51 59 1215
51 60 1215
51 61 1215
51 62 1216
51 63 1216
51 64 1216
51 65 1216
51 66 1217
51 67 1217
51 68 1217
51 69 1217
51 70 1218
51 71 1218
51 72 1218
51 73 1218
51 74 1219
51 75 1219
51 76 1219
51 77 1219
51 78 1220
51 79 1220
51 80 1220
51 81 1220
51 82 1221
51 83 1221
51 84 1221
51 85 1221
51 86 1222
51 87 1222
51 88 1222
51 89 1222
51 90 1223
51 91 1223
51 92 1223
51 93 1223
51 94 1224
51 95 1224
51 96 1224
51 97 1224
51 98 1200
51 99 1200
52 2 1225
52 3 1225
52 4 1225
52 5 1225
52 6 1226
52 7 1226
52 8 1226
52 9 1226
52 10 1227
52 11 1227
52 12 1227
52 13 1227
52 14 1228
52 15 1228
52 16 1228
52 17 1228
52 18 1229
52 19 1229
52 20 1229
52 21 1229
52 22 1230
52 23 1230
52 24 1230
52 25 1230
52 26 1231
52 27 1231
52 28 1231
52 29 1231
52 30 1232
52 31 1232
52 32 1232
52 33 1232
52 34 1233
52 35 1233
52 36 1233
52 37 1233
52 38 1234
52 39 1234
52 40 1234
52 41 1234
52 42 1235
52 43 1235
52 44 1235
52 45 1235
52 46 1236
52 47 1236
52 48 1236
52 49 1236
52 50 1237
52 51 1237
52 52 1237
52 53 1237
52 54 1238
52 55 1238
52 56 1238
52 57 1238
52 58 1239
52 59 1239
52 60 1239
52 61 1239
52 62 1240
52 63 1240
52 64 1240
52 65 1240
52 66 1241
52 67 1241
52 68 1241
52 69 1241
52 70 1242
52 71 1242
52 72 1242
52 73 1242
52 74 1243
52 75 1243
52 76 1243
52 77 1243
52 78 1244
52 79 1244
52 80 1244
52 81 1244
52 82 1245
52 83 1245
52 84 1245
52 85 1245
52 86 1246
52 87 1246
52 88 1246
52 89 1246
52 90 1247
52 91 1247
52 92 1247
52 93 1247
52 94 1248
52 95 1248
52 96 1248
52 97 1248
52 98 1249
52 99 1249
53 2 1250
53 3 1250
53 4 1250
53 5 1250
53 6 1251
53 7 1251
53 8 1251
53 9 1251
53 10 1252
53 11 1252
53 12 1252
53 13 1252
53 14 1253
53 15 1253
53 16 1253
53 17 1253
53 18 1254
53 19 1254
53 20 1254
53 21 1254
53 22 1255
53 23 1255
53 24 1255
53 25 1255
53 26 1256
53 27 1256
53 28 1256
53 29 1256
53 30 1257
53 31 1257
53 32 1257
53 33 1257
53 34 1258
53 35 1258
53 36 1258
53 37 1258
53 38 1259
53 39 1259
53 40 1259
53 41 1259
53 42 1260
53 43 1260
53 44 1260
53 45 1260
53 46 1261
53 47 1261
53 48 1261
53 49 1261
53 50 1262
53 51 1262
53 52 1262
53 53 1262
53 54 1263
53 55 1263
53 56 1263
53 57 1263
53 58 1264
53 59 1264
53 60 1264
53 61 1264
53 62 1265
53 63 1265
53 64 1265
53 65 1265
53 66 1266
53 67 1266
53 68 1266
53 69 1266
53 70 1267
53 71 1267
53 72 1267
53 73 1267
53 74 1268
53 75 1268
53 76 1268
53 77 1268
53 78 1269
53 79 1269
53 80 1269
53 81 1269
53 82 1270
53 83 1270
53 84 1270
53 85 1270
53 86 1271
53 87 1271
53 88 1271
53 89 1271
53 90 1272
53 91 1272
53 92 1272
53 93 1272
53 94 1273
53 95 1273
53 96 1273
53 97 1273
53 98 1249
53 99 1249
54 2 1274
54 3 1274
54 4 1274
54 5 1274
54 6 1275
54 7 1275
54 8 1275
54 9 1275
54 10 1276
54 11 1276
54 12 1276
54 13 1276
54 14 1277
54 15 1277
54 16 1277
54 17 1277
54 18 1278
54 19 1278
54 20 1278
54 21 1278
54 22 1279
54 23 1279
54 24 1279
54 25 1279
54 26 1280
54 27 1280
54 28 1280
54 29 1280
54 30 1281
54 31 1281
54 32 1281
54 33 1281
54 34 1282
54 35 1282
54 36 1282
54 37 1282
54 38 1283
54 39 1283
54 40 1283
54 41 1283
54 42 1284
54 43 1284
54 44 1284
54 45 1284
54 46 1285
54 47 1285
54 48 1285
54 49 1285
54 50 1286
54 51 1286
54 52 1286
54 53 1286
54 54 1287
54 55 1287
54 56 1287
54 57 1287
54 58 1288
54 59 1288
54 60 1288
54 61 1288
54 62 1289
54 63 1289
54 64 1289
54 65 1289
54 66 1290
54 67 1290
54 68 1290
54 69 1290
54 70 1291
54 71 1291
54 72 1291
54 73 1291
54 74 1292
54 75 1292
54 76 1292
54 77 1292
54 78 1293
54 79 1293
54 80 1293
54 81 1293
54 82 1294
54 83 1294
54 84 1294
54 85 1294
54 86 1295
54 87 1295
54 88 1295
54 89 1295
54 90 1296
54 91 1296
54 92 1296
54 93 1296
54 94 1297
54 95 1297
54 96 1297
54 97 1297
54 98 1298
54 99 1298
55 2 1299
55 3 1299
55 4 1299
55 5 1299
55 6 1300
55 7 1300
55 8 1300
55 9 1300
55 10 1301
55 11 1301
55 12 1301
55 13 1301
55 14 1302
55 15 1302
55 16 1302
55 17 1302
55 18 1303
55 19 1303
55 20 1303
55 21 1303
55 22 1304
55 23 1304
55 24 1304
55 25 1304
55 26 1305
55 27 1305
55 28 1305
55 29 1305
55 30 1306
55 31 1306
55 32 1306
55 33 1306
55 34 1307
55 35 1307
55 36 1307
55 37 1307
55 38 1308
55 39 1308
55 40 1308
55 41 1308
55 42 1309
55 43 1309
55 44 1309
55 45 1309
55 46 1310
55 47 1310
55 48 1310
55 49 1310
55 50 1311
55 51 1311
55 52 1311
55 53 1311
55 54 1312
55 55 1312
55 56 1312
55 57 1312
55 58 1313
55 59 1313
55 60 1313
55 61 1313
55 62 1314
55 63 1314
55 64 1314
55 65 1314
55 66 1315
55 67 1315
55 68 1315
55 69 1315
55 70 1316
55 71 1316
55 72 1316
55 73 1316
55 74 1317
55 75 1317
55 76 1317
55 77 1317
55 78 1318
55 79 1318
55 80 1318
55 81 1318
55 82 1319
55 83 1319
55 84 1319
55 85 1319
55 86 1320
55 87 1320
55 88 1320
55 89 1320
55 90 1321
55 91 1321
55 92 1321
55 93 1321
55 94 1322
55 95 1322
55 96 1322
55 97 1322
55 98 1298
55 99 1298
56 2 1323
56 3 1323
56 4 1323
56 5 1323
56 6 1324
56 7 1324
56 8 1324
56 9 1324
56 10 1325
56 11 1325
56 12 1325
56 13 1325
56 14 1326
56 15 1326
56 16 1326
56 17 1326
56 18 1327
56 19 1327
56 20 1327
56 21 1327
56 22 1328
56 23 1328
56 24 1328
56 25 1328
56 26 1329
56 27 1329
56 28 1329
56 29 1329
56 30 1330
56 31 1330
56 32 1330
56 33 1330
56 34 1331
56 35 1331
56 36 1331
56 37 1331
56 38 1332
56 39 1332
56 40 1332
56 41 1332
56 42 1333
56 43 1333
56 44 1333
56 45 1333
56 46 1334
56 47 1334
56 48 1334
56 49 1334
56 50 1335
56 51 1335
56 52 1335
56 53 1335
56 54 1336
56 55 1336
56 56 1336
56 57 1336
56 58 1337
56 59 1337
56 60 1337
56 61 1337
56 62 1338
56 63 1338
56 64 1338
56 65 1338
56 66 1339
56 67 1339
56 68 1339
56 69 1339
56 70 1340
56 71 1340
56 72 1340
56 73 1340
56 74 1341
56 75 1341
56 76 1341
56 77 1341
56 78 1342
56 79 1342
56 80 1342
56 81 1342
56 82 1343
56 83 1343
56 84 1343
56 85 1343
56 86 1344
56 87 1344
56 88 1344
56 89 1344
56 90 1345
56 91 1345
56 92 1345
56 93 1345
56 94 1346
56 95 1346
56 96 1346
56 97 1346
56 98 1347
56 99 1347
57 2 1348
57 3 1348
57 4 1348
57 5 1348
57 6 1349
57 7 1349
57 8 1349
57 9 1349
57 10 1350
57 11 1350
57 12 1350
57 13 1350
57 14 1351
57 15 1351
57 16 1351
57 17 1351
57 18 1352
57 19 1352
57 20 1352
57 21 1352
57 22 1353
57 23 1353
57 24 1353
57 25 1353
57 26 1354
57 27 1354
57 28 1354
57 29 1354
57 30 1355
57 31 1355
57 32 1355
57 33 1355
57 34 1356
57 35 1356
57 36 1356
57 37 1356
57 38 1357
57 39 1357
57 40 1357
57 41 1357
57 42 1358
57 43 1358
57 44 1358
57 45 1358
57 46 1359
57 47 1359
57 48 1359
57 49 1359
57 50 1360
57 51 1360
57 52 1360
57 53 1360
57 54 1361
57 55 1361
57 56 1361
57 57 1361
57 58 1362
57 59 1362
57 60 1362
57 61 1362
57 62 1363
57 63 1363
57 64 1363
57 65 1363
57 66 1364
57 67 1364
57 68 1364
57 69 1364
57 70 1365
57 71 1365
57 72 1365
57 73 1365
57 74 1366
57 75 1366
57 76 1366
57 77 1366
57 78 1367
57 79 1367
57 80 1367
57 81 1367
57 82 1368
57 83 1368
57 84 1368
57 85 1368
57 86 1369
57 87 1369
57 88 1369
57 89 1369
57 90 1370
57 91 1370
57 92 1370
57 93 1370
57 94 1371
57 95 1371
57 96 1371
57 97 1371
57 98 1347
57 99 1347
58 2 1372
58 3 1372
58 4 1372
58 5 1372
58 6 1373
58 7 1373
58 8 1373
58 9 1373
58 10 1374
58 11 1374
58 12 1374
58 13 1374
58 14 1375
58 15 1375
58 16 1375
58 17 1375
58 18 1376
58 19 1376
58 20 1376
58 21 1376
58 22 1377
58 23 1377
58 24 1377
58 25 1377
58 26 1378
58 27 1378
58 28 1378
58 29 1378
58 30 1379
58 31 1379
58 32 1379
58 33 1379
58 34 1380
58 35 1380
58 36 1380
58 37 1380
58 38 1381
58 39 1381
58 40 1381
58 41 1381
58 42 1382
58 43 1382
58 44 1382
58 45 1382
58 46 1383
58 47 1383
58 48 1383
58 49 1383
58 50 1384
58 51 1384
58 52 1384
58 53 1384
58 54 1385
58 55 1385
58 56 1385
58 57 1385
58 58 1386
58 59 1386
58 60 1386
58 61 1386
58 62 1387
58 63 1387
58 64 1387
58 65 1387
58 66 1388
58 67 1388
58 68 1388
58 69 1388
58 70 1389
58 71 1389
58 72 1389
58 73 1389
58 74 1390
58 75 1390
58 76 1390
58 77 1390
58 78 1391
58 79 1391
58 80 1391
58 81 1391
58 82 1392
58 83 1392
58 84 1392
58 85 1392
58 86 1393
58 87 1393
58 88 1393
58 89 1393
58 90 1394
58 91 1394
58 92 1394
58 93 1394
58 94 1395
58 95 1395
58 96 1395
58 97 1395
58 98 1396
58 99 1396
59 2 1397
59 3 1397
59 4 1397
59 5 1397
59 6 1398
59 7 1398
59 8 1398
59 9 1398
59 10 1399
59 11 1399
59 12 1399
59 13 1399
59 14 1400
59 15 1400
59 16 1400
59 17 1400
59 18 1401
59 19 1401
59 20 1401
59 21 1401
59 22 1402
59 23 1402
59 24 1402
59 25 1402
59 26 1403
59 27 1403
59 28 1403
59 29 1403
59 30 1404
59 31 1404
59 32 1404
59 33 1404
59 34 1405
59 35 1405
59 36 1405
59 37 1405
59 38 1406
59 39 1406
59 40 1406
59 41 1406
59 42 1407
59 43 1407
59 44 1407
59 45 1407
59 46 1408
59 47 1408
59 48 1408
59 49 1408
59 50 1409
59 51 1409
59 52 1409
59 53 1409
59 54 1410
59 55 1410
59 56 1410
59 57 1410
59 58 1411
59 59 1411
59 60 1411
59 61 1411
59 62 1412
59 63 1412
59 64 1412
59 65 1412
59 66 1413
59 67 1413
59 68 1413
59 69 1413
59 70 1414
59 71 1414
59 72 1414
59 73 1414
59 74 1415
59 75 1415
59 76 1415
59 77 1415
59 78 1416
59 79 1416
59 80 1416
59 81 1416
59 82 1417
59 83 1417
59 84 1417
59 85 1417
59 86 1418
59 87 1418
59 88 1418
59 89 1418
59 90 1419
59 91 1419
59 92 1419
59 93 1419
59 94 1420
59 95 1420
59 96 1420
59 97 1420
59 98 1396
59 99 1396
60 2 1421
60 3 1421
60 4 1421
60 5 1421
60 6 1422
60 7 1422
60 8 1422
60 9 1422
60 10 1423
60 11 1423
60 12 1423
60 13 1423
60 14 1424
60 15 1424
60 16 1424
60 17 1424
60 18 1425
60 19 1425
60 20 1425
60 21 1425
60 22 1426
60 23 1426
60 24 1426
60 25 1426
60 26 1427
60 27 1427
60 28 1427
60 29 1427
60 30 1428
60 31 1428
60 32 1428
60 33 1428
60 34 1429
60 35 1429
60 36 1429
60 37 1429
60 38 1430
60 39 1430
60 40 1430
60 41 1430
60 42 1431
60 43 1431
60 44 1431
60 45 1431
60 46 1432
60 47 1432
60 48 1432
60 49 1432
60 50 1433
60 51 1433
60 52 1433
60 53 1433
60 54 1434
60 55 1434
60 56 1434
60 57 1434
60 58 1435
60 59 1435
60 60 1435
60 61 1435
60 62 1436
60 63 1436
60 64 1436
60 65 1436
60 66 1437
60 67 1437
60 68 1437
60 69 1437
60 70 1438
60 71 1438
60 72 1438
60 73 1438
60 74 1439
60 75 1439
60 76 1439
60 77 1439
60 78 1440
60 79 1440
60 80 1440
60 81 1440
60 82 1441
60 83 1441
60 84 1441
60 85 1441
60 86 1442
60 87 1442
60 88 1442
60 89 1442
60 90 1443
60 91 1443
60 92 1443
60 93 1443
60 94 1444
60 95 1444
60 96 1444
60 97 1444
60 98 1445
60 99 1445
61 2 1446
61 3 1446
61 4 1446
61 5 1446
61 6 1447
61 7 1447
61 8 1447
61 9 1447
61 10 1448
61 11 1448
61 12 1448
61 13 1448
61 14 1449
61 15 1449
61 16 1449
61 17 1449
61 18 1450
61 19 1450
61 20 1450
61 21 1450
61 22 1451
61 23 1451
61 24 1451
61 25 1451
61 26 1452
61 27 1452
61 28 1452
61 29 1452
61 30 1453
61 31 1453
61 32 1453
61 33 1453
61 34 1454
61 35 1454
61 36 1454
61 37 1454
61 38 1455
61 39 1455
61 40 1455
61 41 1455
61 42 1456
61 43 1456
61 44 1456
61 45 1456
61 46 1457
61 47 1457
61 48 1457
61 49 1457
61 50 1458
61 51 1458
61 52 1458
61 53 1458
61 54 1459
61 55 1459
61 56 1459
61 57 1459
61 58 1460
61 59 1460
61 60 1460
61 61 1460
61 62 1461
61 63 1461
61 64 1461
61 65 1461
61 66 1462
61 67 1462
61 68 1462
61 69 1462
61 70 1463
61 71 1463
61 72 1463
61 73 1463
61 74 1464
61 75 1464
61 76 1464
61 77 1464
61 78 1465
61 79 1465
61 80 1465
61 81 1465
61 82 1466
61 83 1466
61 84 1466
61 85 1466
61 86 1467
61 87 1467
61 88 1467
61 89 1467
61 90 1468
61 91 1468
61 92 1468
61 93 1468
61 94 1469
61 95 1469
61 96 1469
61 97 1469
61 98 1445
61 99 1445
62 2 1470
62 3 1470
62 4 1470
62 5 1470
62 6 1471
62 7 1471
62 8 1471
62 9 1471
62 10 1472
62 11 1472
62 12 1472
62 13 1472
62 14 1473
62 15 1473
62 16 1473
62 17 1473
62 18 1474
62 19 1474
62 20 1474
62 21 1474
62 22 1475
62 23 1475
62 24 1475
62 25 1475
62 26 1476
62 27 1476
62 28 1476
62 29 1476
62 30 1477
62 31 1477
62 32 1477
62 33 1477
62 34 1478
62 35 1478
62 36 1478
62 37 1478
62 38 1479
62 39 1479
62 40 1479
62 41 1479
62 42 1480
62 43 1480
62 44 1480
62 45 1480
62 46 1481
62 47 1481
62 48 1481
62 49 1481
62 50 1482
62 51 1482
62 52 1482
62 53 1482
62 54 1483
62 55 1483
62 56 1483
62 57 1483
62 58 1484
62 59 1484
62 60 1484
62 61 1484
62 62 1485
62 63 1485
62 64 1485
62 65 1485
62 66 1486
62 67 1486
62 68 1486
62 69 1486
62 70 1487
62 71 1487
62 72 1487
62 73 1487
62 74 1488
62 75 1488
62 76 1488
62 77 1488
62 78 1489
62 79 1489
62 80 1489
62 81 1489
62 82 1490
62 83 1490
62 84 1490
62 85 1490
62 86 1491
62 87 1491
62 88 1491
62 89 1491
62 90 1492
62 91 1492
62 92 1492
62 93 1492
62 94 1493
62 95 1493
62 96 1493
62 97 1493
62 98 1494
62 99 1494
63 2 1495
63 3 1495
63 4 1495
63 5 1495
63 6 1496
63 7 1496
63 8 1496
63 9 1496
63 10 1497
63 11 1497
63 12 1497
63 13 1497
63 14 1498
63 15 1498
63 16 1498
63 17 1498
63 18 1499
63 19 1499
63 20 1499
63 21 1499
63 22 1500
63 23 1500
63 24 1500
63 25 1500
63 26 1501
63 27 1501
63 28 1501
63 29 1501
63 30 1502
63 31 1502
63 32 1502
63 33 1502
63 34 1503
63 35 1503
63 36 1503
63 37 1503
63 38 1504
63 39 1504
63 40 1504
63 41 1504
63 42 1505
63 43 1505
63 44 1505
63 45 1505
63 46 1506
63 47 1506
63 48 1506
63 49 1506
63 50 1507
63 51 1507
63 52 1507
63 53 1507
63 54 1508
63 55 1508
63 56 1508
63 57 1508
63 58 1509
63 59 1509
63 60 1509
63 61 1509
63 62 1510
63 63 1510
63 64 1510
63 65 1510
63 66 1511
63 67 1511
63 68 1511
63 69 1511
63 70 1512
63 71 1512
63 72 1512
63 73 1512
63 74 1513
63 75 1513
63 76 1513
63 77 1513
63 78 1514
63 79 1514
63 80 1514
63 81 1514
63 82 1515
63 83 1515
63 84 1515
63 85 1515
63 86 1516
63 87 1516
63 88 1516
63 89 1516
63 90 1517
63 91 1517
63 92 1517
63 93 1517
63 94 1518
63 95 1518
63 96 1518
63 97 1518
63 98 1494
63 99 1494
64 2 1519
64 3 1519
64 4 1519
64 5 1519
64 6 1520
64 7 1520
64 8 1520
64 9 1520
64 10 1521
64 11 1521
64 12 1521
64 13 1521
64 14 1522
64 15 1522
64 16 1522
64 17 1522
64 18 1523
64 19 1523
64 20 1523
64 21 1523
64 22 1524
64 23 1524
64 24 1524
64 25 1524
64 26 1525
64 27 1525
64 28 1525
64 29 1525
64 30 1526
64 31 1526
64 32 1526
64 33 1526
64 34 1527
64 35 1527
64 36 1527
64 37 1527
64 38 1528
64 39 1528
64 40 1528
64 41 1528
64 42 1529
64 43 1529
64 44 1529
64 45 1529
64 46 1530
64 47 1530
64 48 1530
64 49 1530
64 50 1531
64 51 1531
64 52 1531
64 53 1531
64 54 1532
64 55 1532
64 56 1532
64 57 1532
64 58 1533
64 59 1533
64 60 1533
64 61 1533
64 62 1534
64 63 1534
64 64 1534
64 65 1534
64 66 1535
64 67 1535
64 68 1535
64 69 1535
64 70 1536
64 71 1536
64 72 1536
64 73 1536
64 74 1537
64 75 1537
64 76 1537
64 77 1537
64 78 1538
64 79 1538
64 80 1538
64 81 1538
64 82 1539
64 83 1539
64 84 1539
64 85 1539
64 86 1540
64 87 1540
64 88 1540
64 89 1540
64 90 1541
64 91 1541
64 92 1541
64 93 1541
64 94 1542
64 95 1542
64 96 1542
64 97 1542
64 98 1543
64 99 1543
65 2 1544
65 3 1544
65 4 1544
65 5 1544
65 6 1545
65 7 1545
65 8 1545
65 9 1545
65 10 1546
65 11 1546
65 12 1546
65 13 1546
65 14 1547
65 15 1547
65 16 1547
65 17 1547
65 18 1548
65 19 1548
65 20 1548
65 21 1548
65 22 1549
65 23 1549
65 24 1549
65 25 1549
65 26 1550
65 27 1550
65 28 1550
65 29 1550
65 30 1551
65 31 1551
65 32 1551
65 33 1551
65 34 1552
65 35 1552
65 36 1552
65 37 1552
65 38 1553
65 39 1553
65 40 1553
65 41 1553
65 42 1554
65 43 1554
65 44 1554
65 45 1554
65 46 1555
65 47 1555
65 48 1555
65 49 1555
65 50 1556
65 51 1556
65 52 1556
65 53 1556
65 54 1557
65 55 1557
65 56 1557
65 57 1557
65 58 1558
65 59 1558
65 60 1558
65 61 1558
65 62 1559
65 63 1559
65 64 1559
65 65 1559
65 66 1560
65 67 1560
65 68 1560
65 69 1560
65 70 1561
65 71 1561
65 72 1561
65 73 1561
65 74 1562
65 75 1562
65 76 1562
65 77 1562
65 78 1563
65 79 1563
65 80 1563
65 81 1563
65 82 1564
65 83 1564
65 84 1564
65 85 1564
65 86 1565
65 87 1565
65 88 1565
65 89 1565
65 90 1566
65 91 1566
65 92 1566
65 93 1566
65 94 1567
65 95 1567
65 96 1567
65 97 1567
65 98 1543
65 99 1543
66 2 1568
66 3 1568
66 4 1568
66 5 1568
66 6 1569
66 7 1569
66 8 1569
66 9 1569
66 10 1570
66 11 1570
66 12 1570
66 13 1570
66 14 1571
66 15 1571
66 16 1571
66 17 1571
66 18 1572
66 19 1572
66 20 1572
66 21 1572
66 22 1573
66 23 1573
66 24 1573
66 25 1573
66 26 1574
66 27 1574
66 28 1574
66 29 1574
66 30 1575
66 31 1575
66 32 1575
66 33 1575
66 34 1576
66 35 1576
66 36 1576
66 37 1576
66 38 1577
66 39 1577
66 40 1577
66 41 1577
66 42 1578
66 43 1578
66 44 1578
66 45 1578
66 46 1579
66 47 1579
66 48 1579
66 49 1579
66 50 1580
66 51 1580
66 52 1580
66 53 1580
66 54 1581
66 55 1581
66 56 1581
66 57 1581
66 58 1582
66 59 1582
66 60 1582
66 61 1582
66 62 1583
66 63 1583
66 64 1583
66 65 1583
66 66 1584
66 67 1584
66 68 1584
66 69 1584
66 70 1585
66 71 1585
66 72 1585
66 73 1585
66 74 1586
66 75 1586
66 76 1586
66 77 1586
66 78 1587
66 79 1587
66 80 1587
66 81 1587
66 82 1588
66 83 1588
66 84 1588
66 85 1588
66 86 1589
66 87 1589
66 88 1589
66 89 1589
66 90 1590
66 91 1590
66 92 1590
66 93 1590
66 94 1591
66 95 1591
66 96 1591
66 97 1591
66 98 1592
66 99 1592
67 2 1593
67 3 1593
67 4 1593
67 5 1593
67 6 1594
67 7 1594
67 8 1594
67 9 1594
67 10 1595
67 11 1595
67 12 1595
67 13 1595
67 14 1596
67 15 1596
67 16 1596
67 17 1596
67 18 1597
67 19 1597
67 20 1597
67 21 1597
67 22 1598
67 23 1598
67 24 1598
67 25 1598
67 26 1599
67 27 1599
67 28 1599
67 29 1599
67 30 1600
67 31 1600
67 32 1600
67 33 1600
67 34 1601
67 35 1601
67 36 1601
67 37 1601
67 38 1602
67 39 1602
67 40 1602
67 41 1602
67 42 1603
67 43 1603
67 44 1603
67 45 1603
67 46 1604
67 47 1604
67 48 1604
67 49 1604
67 50 1605
67 51 1605
67 52 1605
67 53 1605
67 54 1606
67 55 1606
67 56 1606
67 57 1606
67 58 1607
67 59 1607
67 60 1607
67 61 1607
67 62 1608
67 63 1608
67 64 1608
67 65 1608
67 66 1609
67 67 1609
67 68 1609
67 69 1609
67 70 1610
67 71 1610
67 72 1610
67 73 1610
67 74 1611
67 75 1611
67 76 1611
67 77 1611
67 78 1612
67 79 1612
67 80 1612
67 81 1612
67 82 1613
67 83 1613
67 84 1613
67 85 1613
67 86 1614
67 87 1614
67 88 1614
67 89 1614
67 90 1615
67 91 1615
67 92 1615
67 93 1615
67 94 1616
67 95 1616
67 96 1616
67 97 1616
67 98 1592
67 99 1592
68 2 1617
68 3 1617
68 4 1617
68 5 1617
68 6 1618
68 7 1618
68 8 1618
68 9 1618
68 10 1619
68 11 1619
68 12 1619
68 13 1619
68 14 1620
68 15 1620
68 16 1620
68 17 1620
68 18 1621
68 19 1621
68 20 1621
68 21 1621
68 22 1622
68 23 1622
68 24 1622
68 25 1622
68 26 1623
68 27 1623
68 28 1623
68 29 1623
68 30 1624
68 31 1624
68 32 1624
68 33 1624
68 34 1625
68 35 1625
68 36 1625
68 37 1625
68 38 1626
68 39 1626
68 40 1626
68 41 1626
68 42 1627
68 43 1627
68 44 1627
68 45 1627
68 46 1628
68 47 1628
68 48 1628
68 49 1628
68 50 1629
68 51 1629
68 52 1629
68 53 1629
68 54 1630
68 55 1630
68 56 1630
68 57 1630
68 58 1631
68 59 1631
68 60 1631
68 61 1631
68 62 1632
68 63 1632
68 64 1632
68 65 1632
68 66 1633
68 67 1633
68 68 1633
68 69 1633
68 70 1634
68 71 1634
68 72 1634
68 73 1634
68 74 1635
68 75 1635
68 76 1635
68 77 1635
68 78 1636
68 79 1636
68 80 1636
68 81 1636
68 82 1637
68 83 1637
68 84 1637
68 85 1637
68 86 1638
68 87 1638
68 88 1638
68 89 1638
68 90 1639
68 91 1639
68 92 1639
68 93 1639
68 94 1640
68 95 1640
68 96 1640
68 97 1640
68 98 1641
68 99 1641
69 2 1642
69 3 1642
69 4 1642
69 5 1642
69 6 1643
69 7 1643
69 8 1643
69 9 1643
69 10 1644
69 11 1644
69 12 1644
69 13 1644
69 14 1645
69 15 1645
69 16 1645
69 17 1645
69 18 1646
69 19 1646
69 20 1646
69 21 1646
69 22 1647
69 23 1647
69 24 1647
69 25 1647
69 26 1648
69 27 1648
69 28 1648
69 29 1648
69 30 1649
69 31 1649
69 32 1649
69 33 1649
69 34 1650
69 35 1650
69 36 1650
69 37 1650
69 38 1651
69 39 1651
69 40 1651
69 41 1651
69 42 1652
69 43 1652
69 44 1652
69 45 1652
69 46 1653
69 47 1653
69 48 1653
69 49 1653
69 50 1654
69 51 1654
69 52 1654
69 53 1654
69 54 1655
69 55 1655
69 56 1655
69 57 1655
69 58 1656
69 59 1656
69 60 1656
69 61 1656
69 62 1657
69 63 1657
69 64 1657
69 65 1657
69 66 1658
69 67 1658
69 68 1658
69 69 1658
69 70 1659
69 71 1659
69 72 1659
69 73 1659
69 74 1660
69 75 1660
69 76 1660
69 77 1660
69 78 1661
69 79 1661
69 80 1661
69 81 1661
69 82 1662
69 83 1662
69 84 1662
69 85 1662
69 86 1663
69 87 1663
69 88 1663
69 89 1663
69 90 1664
69 91 1664
69 92 1664
69 93 1664
69 94 1665
69 95 1665
69 96 1665
69 97 1665
69 98 1641
69 99 1641
70 2 1666
70 3 1666
70 4 1666
70 5 1666
70 6 1667
70 7 1667
70 8 1667
70 9 1667
70 10 1668
70 11 1668
70 12 1668
70 13 1668
70 14 1669
70 15 1669
70 16 1669
70 17 1669
70 18 1670
70 19 1670
70 20 1670
70 21 1670
70 22 1671
70 23 1671
70 24 1671
70 25 1671
70 26 1672
70 27 1672
70 28 1672
70 29 1672
70 30 1673
70 31 1673
70 32 1673
70 33 1673
70 34 1674
70 35 1674
70 36 1674
70 37 1674
70 38 1675
70 39 1675
70 40 1675
70 41 1675
70 42 1676
70 43 1676
70 44 1676
70 45 1676
70 46 1677
70 47 1677
70 48 1677
70 49 1677
70 50 1678
70 51 1678
70 52 1678
70 53 1678
70 54 1679
70 55 1679
70 56 1679
70 57 1679
70 58 1680
70 59 1680
70 60 1680
70 61 1680
70 62 1681
70 63 1681
70 64 1681
70 65 1681
70 66 1682
70 67 1682
70 68 1682
70 69 1682
70 70 1683
70 71 1683
70 72 1683
70 73 1683
70 74 1684
70 75 1684
70 76 1684
70 77 1684
70 78 1685
70 79 1685
70 80 1685
70 81 1685
70 82 1686
70 83 1686
70 84 1686
70 85 1686
70 86 1687
70 87 1687
70 88 1687
70 89 1687
70 90 1688
70 91 1688
70 92 1688
70 93 1688
70 94 1689
70 95 1689
70 96 1689
70 97 1689
70 98 1690
70 99 1690
71 2 1691
71 3 1691
71 4 1691
71 5 1691
71 6 1692
71 7 1692
71 8 1692
71 9 1692
71 10 1693
71 11 1693
71 12 1693
71 13 1693
71 14 1694
71 15 1694
71 16 1694
71 17 1694
71 18 1695
71 19 1695
71 20 1695
71 21 1695
71 22 1696
71 23 1696
71 24 1696
71 25 1696
71 26 1697
71 27 1697
71 28 1697
71 29 1697
71 30 1698
71 31 1698
71 32 1698
71 33 1698
71 34 1699
71 35 1699
71 36 1699
71 37 1699
71 38 1700
71 39 1700
71 40 1700
71 41 1700
71 42 1701
71 43 1701
71 44 1701
71 45 1701
71 46 1702
71 47 1702
71 48 1702
71 49 1702
71 50 1703
71 51 1703
71 52 1703
71 53 1703
71 54 1704
71 55 1704
71 56 1704
71 57 1704
71 58 1705
71 59 1705
71 60 1705
71 61 1705
71 62 1706
71 63 1706
71 64 1706
71 65 1706
71 66 1707
71 67 1707
71 68 1707
71 69 1707
71 70 1708
71 71 1708
71 72 1708
71 73 1708
71 74 1709
71 75 1709
71 76 1709
71 77 1709
71 78 1710
71 79 1710
71 80 1710
71 81 1710
71 82 1711
71 83 1711
71 84 1711
71 85 1711
71 86 1712
71 87 1712
71 88 1712
71 89 1712
71 90 1713
71 91 1713
71 92 1713
71 93 1713
71 94 1714
71 95 1714
71 96 1714
71 97 1714
71 98 1690
71 99 1690
72 2 1715
72 3 1715
72 4 1715
72 5 1715
72 6 1716
72 7 1716
72 8 1716
72 9 1716
72 10 1717
72 11 1717
72 12 1717
72 13 1717
72 14 1718
72 15 1718
72 16 1718
72 17 1718
72 18 1719
72 19 1719
72 20 1719
72 21 1719
72 22 1720
72 23 1720
72 24 1720
72 25 1720
72 26 1721
72 27 1721
72 28 1721
72 29 1721
72 30 1722
72 31 1722
72 32 1722
72 33 1722
72 34 1723
72 35 1723
72 36 1723
72 37 1723
72 38 1724
72 39 1724
72 40 1724
72 41 1724
72 42 1725
72 43 1725
72 44 1725
72 45 1725
72 46 1726
72 47 1726
72 48 1726
72 49 1726
72 50 1727
72 51 1727
72 52 1727
72 53 1727
72 54 1728
72 55 1728
72 56 1728
72 57 1728
72 58 1729
72 59 1729
72 60 1729
72 61 1729
72 62 1730
72 63 1730
72 64 1730
72 65 1730
72 66 1731
72 67 1731
72 68 1731
72 69 1731
72 70 1732
72 71 1732
72 72 1732
72 73 1732
72 74 1733
72 75 1733
72 76 1733
72 77 1733
72 78 1734
72 79 1734
72 80 1734
72 81 1734
72 82 1735
72 83 1735
72 84 1735
72 85 1735
72 86 1736
72 87 1736
72 88 1736
72 89 1736
72 90 1737
72 91 1737
72 92 1737
72 93 1737
72 94 1738
72 95 1738
72 96 1738
72 97 1738
72 98 1739
72 99 1739
73 2 1740
73 3 1740
73 4 1740
73 5 1740
73 6 1741
73 7 1741
73 8 1741
73 9 1741
73 10 1742
73 11 1742
73 12 1742
73 13 1742
73 14 1743
73 15 1743
73 16 1743
73 17 1743
73 18 1744
73 19 1744
73 20 1744
73 21 1744
73 22 1745
73 23 1745
73 24 1745
73 25 1745
73 26 1746
73 27 1746
73 28 1746
73 29 1746
73 30 1747
73 31 1747
73 32 1747
73 33 1747
73 34 1748
73 35 1748
73 36 1748
73 37 1748
73 38 1749
73 39 1749
73 40 1749
73 41 1749
73 42 1750
73 43 1750
73 44 1750
73 45 1750
73 46 1751
73 47 1751
73 48 1751
73 49 1751
73 50 1752
73 51 1752
73 52 1752
73 53 1752
73 54 1753
73 55 1753
73 56 1753
73 57 1753
73 58 1754
73 59 1754
73 60 1754
73 61 1754
73 62 1755
73 63 1755
73 64 1755
73 65 1755
73 66 1756
73 67 1756
73 68 1756
73 69 1756
73 70 1757
73 71 1757
73 72 1757
73 73 1757
73 74 1758
73 75 1758
73 76 1758
73 77 1758
73 78 1759
73 79 1759
73 80 1759
73 81 1759
73 82 1760
73 83 1760
73 84 1760
73 85 1760
73 86 1761
73 87 1761
73 88 1761
73 89 1761
73 90 1762
73 91 1762
73 92 1762
73 93 1762
73 94 1763
73 95 1763
73 96 1763
73 97 1763
73 98 1739
73 99 1739
74 2 1764
74 3 1764
74 4 1764
74 5 1764
74 6 1765
74 7 1765
74 8 1765
74 9 1765
74 10 1766
74 11 1766
74 12 1766
74 13 1766
74 14 1767
74 15 1767
74 16 1767
74 17 1767
74 18 1768
74 19 1768
74 20 1768
74 21 1768
74 22 1769
74 23 1769
74 24 1769
74 25 1769
74 26 1770
74 27 1770
74 28 1770
74 29 1770
74 30 1771
74 31 1771
74 32 1771
74 33 1771
74 34 1772
74 35 1772
74 36 1772
74 37 1772
74 38 1773
74 39 1773
74 40 1773
74 41 1773
74 42 1774
74 43 1774
74 44 1774
74 45 1774
74 46 1775
74 47 1775
74 48 1775
74 49 1775
74 50 1776
74 51 1776
74 52 1776
74 53 1776
74 54 1777
74 55 1777
74 56 1777
74 57 1777
74 58 1778
74 59 1778
74 60 1778
74 61 1778
74 62 1779
74 63 1779
74 64 1779
74 65 1779
74 66 1780
74 67 1780
74 68 1780
74 69 1780
74 70 1781
74 71 1781
74 72 1781
74 73 1781
74 74 1782
74 75 1782
74 76 1782
74 77 1782
74 78 1783
74 79 1783
74 80 1783
74 81 1783
74 82 1784
74 83 1784
74 84 1784
74 85 1784
74 86 1785
74 87 1785
74 88 1785
74 89 1785
74 90 1786
74 91 1786
74 92 1786
74 93 1786
74 94 1787
74 95 1787
74 96 1787
74 97 1787
74 98 1788
74 99 1788
75 2 1789
75 3 1789
75 4 1789
75 5 1789
75 6 1790
75 7 1790
75 8 1790
75 9 1790
75 10 1791
75 11 1791
75 12 1791
75 13 1791
75 14 1792
75 15 1792
75 16 1792
75 17 1792
75 18 1793
75 19 1793
75 20 1793
75 21 1793
75 22 1794
75 23 1794
75 24 1794
75 25 1794
75 26 1795
75 27 1795
75 28 1795
75 29 1795
75 30 1796
75 31 1796
75 32 1796
75 33 1796
75 34 1797
75 35 1797
75 36 1797
75 37 1797
75 38 1798
75 39 1798
75 40 1798
75 41 1798
75 42 1799
75 43 1799
75 44 1799
75 45 1799
75 46 1800
75 47 1800
75 48 1800
75 49 1800
75 50 1801
75 51 1801
75 52 1801
75 53 1801
75 54 1802
75 55 1802
75 56 1802
75 57 1802
75 58 1803
75 59 1803
75 60 1803
75 61 1803
75 62 1804
75 63 1804
75 64 1804
75 65 1804
75 66 1805
75 67 1805
75 68 1805
75 69 1805
75 70 1806
75 71 1806
75 72 1806
75 73 1806
75 74 1807
75 75 1807
75 76 1807
75 77 1807
75 78 1808
75 79 1808
75 80 1808
75 81 1808
75 82 1809
75 83 1809
75 84 1809
75 85 1809
75 86 1810
75 87 1810
75 88 1810
75 89 1810
75 90 1811
75 91 1811
75 92 1811
75 93 1811
75 94 1812
75 95 1812
75 96 1812
75 97 1812
75 98 1788
75 99 1788
76 2 1813
76 3 1813
76 4 1813
76 5 1813
76 6 1814
76 7 1814
76 8 1814
76 9 1814
76 10 1815
76 11 1815
76 12 1815
76 13 1815
76 14 1816
76 15 1816
76 16 1816
76 17 1816
76 18 1817
76 19 1817
76 20 1817
76 21 1817
76 22 1818
76 23 1818
76 24 1818
76 25 1818
76 26 1819
76 27 1819
76 28 1819
76 29 1819
76 30 1820
76 31 1820
76 32 1820
76 33 1820
76 34 1821
76 35 1821
76 36 1821
76 37 1821
76 38 1822
76 39 1822
76 40 1822
76 41 1822
76 42 1823
76 43 1823
76 44 1823
76 45 1823
76 46 1824
76 47 1824
76 48 1824
76 49 1824
76 50 1825
76 51 1825
76 52 1825
76 53 1825
76 54 1826
76 55 1826
76 56 1826
76 57 1826
76 58 1827
76 59 1827
76 60 1827
76 61 1827
76 62 1828
76 63 1828
76 64 1828
76 65 1828
76 66 1829
76 67 1829
76 68 1829
76 69 1829
76 70 1830
76 71 1830
76 72 1830
76 73 1830
76 74 1831
76 75 1831
76 76 1831
76 77 1831
76 78 1832
76 79 1832
76 80 1832
76 81 1832
76 82 1833
76 83 1833
76 84 1833
76 85 1833
76 86 1834
76 87 1834
76 88 1834
76 89 1834
76 90 1835
76 91 1835
76 92 1835
76 93 1835
76 94 1836
76 95 1836
76 96 1836
76 97 1836
76 98 1837
76 99 1837
77 2 1838
77 3 1838
77 4 1838
77 5 1838
77 6 1839
77 7 1839
77 8 1839
77 9 1839
77 10 1840
77 11 1840
77 12 1840
77 13 1840
77 14 1841
77 15 1841
77 16 1841
77 17 1841
77 18 1842
77 19 1842
77 20 1842
77 21 1842
77 22 1843
77 23 1843
77 24 1843
77 25 1843
77 26 1844
77 27 1844
77 28 1844
77 29 1844
77 30 1845
77 31 1845
77 32 1845
77 33 1845
77 34 1846
77 35 1846
77 36 1846
77 37 1846
77 38 1847
77 39 1847
77 40 1847
77 41 1847
77 42 1848
77 43 1848
77 44 1848
77 45 1848
77 46 1849
77 47 1849
77 48 1849
77 49 1849
77 50 1850
77 51 1850
77 52 1850
77 53 1850
77 54 1851
77 55 1851
77 56 1851
77 57 1851
77 58 1852
77 59 1852
77 60 1852
77 61 1852
77 62 1853
77 63 1853
77 64 1853
77 65 1853
77 66 1854
77 67 1854
77 68 1854
77 69 1854
77 70 1855
77 71 1855
77 72 1855
77 73 1855
77 74 1856
77 75 1856
77 76 1856
77 77 1856
77 78 1857
77 79 1857
77 80 1857
77 81 1857
77 82 1858
77 83 1858
77 84 1858
77 85 1858
77 86 1859
77 87 1859
77 88 1859
77 89 1859
77 90 1860
77 91 1860
77 92 1860
77 93 1860
77 94 1861
77 95 1861
77 96 1861
77 97 1861
77 98 1837
77 99 1837
78 2 1862
78 3 1862
78 4 1862
78 5 1862
78 6 1863
78 7 1863
78 8 1863
78 9 1863
78 10 1864
78 11 1864
78 12 1864
78 13 1864
78 14 1865
78 15 1865
78 16 1865
78 17 1865
78 18 1866
78 19 1866
78 20 1866
78 21 1866
78 22 1867
78 23 1867
78 24 1867
78 25 1867
78 26 1868
78 27 1868
78 28 1868
78 29 1868
78 30 1869
78 31 1869
78 32 1869
78 33 1869
78 34 1870
78 35 1870
78 36 1870
78 37 1870
78 38 1871
78 39 1871
78 40 1871
78 41 1871
78 42 1872
78 43 1872
78 44 1872
78 45 1872
78 46 1873
78 47 1873
78 48 1873
78 49 1873
78 50 1874
78 51 1874
78 52 1874
78 53 1874
78 54 1875
78 55 1875
78 56 1875
78 57 1875
78 58 1876
78 59 1876
78 60 1876
78 61 1876
78 62 1877
78 63 1877
78 64 1877
78 65 1877
78 66 1878
78 67 1878
78 68 1878
78 69 1878
78 70 1879
78 71 1879
78 72 1879
78 73 1879
78 74 1880
78 75 1880
78 76 1880
78 77 1880
78 78 1881
78 79 1881
78 80 1881
78 81 1881
78 82 1882
78 83 1882
78 84 1882
78 85 1882
78 86 1883
78 87 1883
78 88 1883
78 89 1883
78 90 1884
78 91 1884
78 92 1884
78 93 1884
78 94 1885
78 95 1885
78 96 1885
78 97 1885
78 98 1886
78 99 1886
79 2 1887
79 3 1887
79 4 1887
79 5 1887
79 6 1888
79 7 1888
79 8 1888
79 9 1888
79 10 1889
79 11 1889
79 12 1889
79 13 1889
79 14 1890
79 15 1890
79 16 1890
79 17 1890
79 18 1891
79 19 1891
79 20 1891
79 21 1891
79 22 1892
79 23 1892
79 24 1892
79 25 1892
79 26 1893
79 27 1893
79 28 1893
79 29 1893
79 30 1894
79 31 1894
79 32 1894
79 33 1894
79 34 1895
79 35 1895
79 36 1895
79 37 1895
79 38 1896
79 39 1896
79 40 1896
79 41 1896
79 42 1897
79 43 1897
79 44 1897
79 45 1897
79 46 1898
79 47 1898
79 48 1898
79 49 1898
79 50 1899
79 51 1899
79 52 1899
79 53 1899
79 54 1900
79 55 1900
79 56 1900
79 57 1900
79 58 1901
79 59 1901
79 60 1901
79 61 1901
79 62 1902
79 63 1902
79 64 1902
79 65 1902
79 66 1903
79 67 1903
79 68 1903
79 69 1903
79 70 1904
79 71 1904
79 72 1904
79 73 1904
79 74 1905
79 75 1905
79 76 1905
79 77 1905
79 78 1906
79 79 1906
79 80 1906
79 81 1906
79 82 1907
79 83 1907
79 84 1907
79 85 1907
79 86 1908
79 87 1908
79 88 1908
79 89 1908
79 90 1909
79 91 1909
79 92 1909
79 93 1909
79 94 1910
79 95 1910
79 96 1910
79 97 1910
79 98 1886
79 99 1886
80 2 1911
80 3 1911
80 4 1911
80 5 1911
80 6 1912
80 7 1912
80 8 1912
80 9 1912
80 10 1913
80 11 1913
80 12 1913
80 13 1913
80 14 1914
80 15 1914
80 16 1914
80 17 1914
80 18 1915
80 19 1915
80 20 1915
80 21 1915
80 22 1916
80 23 1916
80 24 1916
80 25 1916
80 26 1917
80 27 1917
80 28 1917
80 29 1917
80 30 1918
80 31 1918
80 32 1918
80 33 1918
80 34 1919
80 35 1919
80 36 1919
80 37 1919
80 38 1920
80 39 1920
80 40 1920
80 41 1920
80 42 1921
80 43 1921
80 44 1921
80 45 1921
80 46 1922
80 47 1922
80 48 1922
80 49 1922
80 50 1923
80 51 1923
80 52 1923
80 53 1923
80 54 1924
80 55 1924
80 56 1924
80 57 1924
80 58 1925
80 59 1925
80 60 1925
80 61 1925
80 62 1926
80 63 1926
80 64 1926
80 65 1926
80 66 1927
80 67 1927
80 68 1927
80 69 1927
80 70 1928
80 71 1928
80 72 1928
80 73 1928
80 74 1929
80 75 1929
80 76 1929
80 77 1929
80 78 1930
80 79 1930
80 80 1930
80 81 1930
80 82 1931
80 83 1931
80 84 1931
80 85 1931
80 86 1932
80 87 1932
80 88 1932
80 89 1932
80 90 1933
80 91 1933
80 92 1933
80 93 1933
80 94 1934
80 95 1934
80 96 1934
80 97 1934
80 98 1935
80 99 1935
81 2 1936
81 3 1936
81 4 1936
81 5 1936
81 6 1937
81 7 1937
81 8 1937
81 9 1937
81 10 1938
81 11 1938
81 12 1938
81 13 1938
81 14 1939
81 15 1939
81 16 1939
81 17 1939
81 18 1940
81 19 1940
81 20 1940
81 21 1940
81 22 1941
81 23 1941
81 24 1941
81 25 1941
81 26 1942
81 27 1942
81 28 1942
81 29 1942
81 30 1943
81 31 1943
81 32 1943
81 33 1943
81 34 1944
81 35 1944
81 36 1944
81 37 1944
81 38 1945
81 39 1945
81 40 1945
81 41 1945
81 42 1946
81 43 1946
81 44 1946
81 45 1946
81 46 1947
81 47 1947
81 48 1947
81 49 1947
81 50 1948
81 51 1948
81 52 1948
81 53 1948
81 54 1949
81 55 1949
81 56 1949
81 57 1949
81 58 1950
81 59 1950
81 60 1950
81 61 1950
81 62 1951
81 63 1951
81 64 1951
81 65 1951
81 66 1952
81 67 1952
81 68 1952
81 69 1952
81 70 1953
81 71 1953
81 72 1953
81 73 1953
81 74 1954
81 75 1954
81 76 1954
81 77 1954
81 78 1955
81 79 1955
81 80 1955
81 81 1955
81 82 1956
81 83 1956
81 84 1956
81 85 1956
81 86 1957
81 87 1957
81 88 1957
81 89 1957
81 90 1958
81 91 1958
81 92 1958
81 93 1958
81 94 1959
81 95 1959
81 96 1959
81 97 1959
81 98 1935
81 99 1935
82 2 1960
82 3 1960
82 4 1960
82 5 1960
82 6 1961
82 7 1961
82 8 1961
82 9 1961
82 10 1962
82 11 1962
82 12 1962
82 13 1962
82 14 1963
82 15 1963
82 16 1963
82 17 1963
82 18 1964
82 19 1964
82 20 1964
82 21 1964
82 22 1965
82 23 1965
82 24 1965
82 25 1965
82 26 1966
82 27 1966
82 28 1966
82 29 1966
82 30 1967
82 31 1967
82 32 1967
82 33 1967
82 34 1968
82 35 1968
82 36 1968
82 37 1968
82 38 1969
82 39 1969
82 40 1969
82 41 1969
82 42 1970
82 43 1970
82 44 1970
82 45 1970
82 46 1971
82 47 1971
82 48 1971
82 49 1971
82 50 1972
82 51 1972
82 52 1972
82 53 1972
82 54 1973
82 55 1973
82 56 1973
82 57 1973
82 58 1974
82 59 1974
82 60 1974
82 61 1974
82 62 1975
82 63 1975
82 64 1975
82 65 1975
82 66 1976
82 67 1976
82 68 1976
82 69 1976
82 70 1977
82 71 1977
82 72 1977
82 73 1977
82 74 1978
82 75 1978
82 76 1978
82 77 1978
82 78 1979
82 79 1979
82 80 1979
82 81 1979
82 82 1980
82 83 1980
82 84 1980
82 85 1980
82 86 1981
82 87 1981
82 88 1981
82 89 1981
82 90 1982
82 91 1982
82 92 1982
82 93 1982
82 94 1983
82 95 1983
82 96 1983
82 97 1983
82 98 1984
82 99 1984
83 2 1985
83 3 1985
83 4 1985
83 5 1985
83 6 1986
83 7 1986
83 8 1986
83 9 1986
83 10 1987
83 11 1987
83 12 1987
83 13 1987
83 14 1988
83 15 1988
83 16 1988
83 17 1988
83 18 1989
83 19 1989
83 20 1989
83 21 1989
83 22 1990
83 23 1990
83 24 1990
83 25 1990
83 26 1991
83 27 1991
83 28 1991
83 29 1991
83 30 1992
83 31 1992
83 32 1992
83 33 1992
83 34 1993
83 35 1993
83 36 1993
83 37 1993
83 38 1994
83 39 1994
83 40 1994
83 41 1994
83 42 1995
83 43 1995
83 44 1995
83 45 1995
83 46 1996
83 47 1996
83 48 1996
83 49 1996
83 50 1997
83 51 1997
83 52 1997
83 53 1997
83 54 1998
83 55 1998
83 56 1998
83 57 1998
83 58 1999
83 59 1999
83 60 1999
83 61 1999
83 62 2000
83 63 2000
83 64 2000
83 65 2000
83 66 2001
83 67 2001
83 68 2001
83 69 2001
83 70 2002
83 71 2002
83 72 2002
83 73 2002
83 74 2003
83 75 2003
83 76 2003
83 77 2003
83 78 2004
83 79 2004
83 80 2004
83 81 2004
83 82 2005
83 83 2005
83 84 2005
83 85 2005
83 86 2006
83 87 2006
83 88 2006
83 89 2006
83 90 2007
83 91 2007
83 92 2007
83 93 2007
83 94 2008
83 95 2008
83 96 2008
83 97 2008
83 98 1984
83 99 1984
84 2 2009
84 3 2009
84 4 2009
84 5 2009
84 6 2010
84 7 2010
84 8 2010
84 9 2010
84 10 2011
84 11 2011
84 12 2011
84 13 2011
84 14 2012
84 15 2012
84 16 2012
84 17 2012
84 18 2013
84 19 2013
84 20 2013
84 21 2013
84 22 2014
84 23 2014
84 24 2014
84 25 2014
84 26 2015
84 27 2015
84 28 2015
84 29 2015
84 30 2016
84 31 2016
84 32 2016
84 33 2016
84 34 2017
84 35 2017
84 36 2017
84 37 2017
84 38 2018
84 39 2018
84 40 2018
84 41 2018
84 42 2019
84 43 2019
84 44 2019
84 45 2019
84 46 2020
84 47 2020
84 48 2020
84 49 2020
84 50 2021
84 51 2021
84 52 2021
84 53 2021
84 54 2022
84 55 2022
84 56 2022
84 57 2022
84 58 2023
84 59 2023
84 60 2023
84 61 2023
84 62 2024
84 63 2024
84 64 2024
84 65 2024
84 66 2025
84 67 2025
84 68 2025
84 69 2025
84 70 2026
84 71 2026
84 72 2026
84 73 2026
84 74 2027
84 75 2027
84 76 2027
84 77 2027
84 78 2028
84 79 2028
84 80 2028
84 81 2028
84 82 2029
84 83 2029
84 84 2029
84 85 2029
84 86 2030
84 87 2030
84 88 2030
84 89 2030
84 90 2031
84 91 2031
84 92 2031
84 93 2031
84 94 2032
84 95 2032
84 96 2032
84 97 2032
84 98 2033
84 99 2033
85 2 2034
85 3 2034
85 4 2034
85 5 2034
85 6 2035
85 7 2035
85 8 2035
85 9 2035
85 10 2036
85 11 2036
85 12 2036
85 13 2036
85 14 2037
85 15 2037
85 16 2037
85 17 2037
85 18 2038
85 19 2038
85 20 2038
85 21 2038
85 22 2039
85 23 2039
85 24 2039
85 25 2039
85 26 2040
85 27 2040
85 28 2040
85 29 2040
85 30 2041
85 31 2041
85 32 2041
85 33 2041
85 34 2042
85 35 2042
85 36 2042
85 37 2042
85 38 2043
85 39 2043
85 40 2043
85 41 2043
85 42 2044
85 43 2044
85 44 2044
85 45 2044
85 46 2045
85 47 2045
85 48 2045
85 49 2045
85 50 2046
85 51 2046
85 52 2046
85 53 2046
85 54 2047
85 55 2047
85 56 2047
85 57 2047
85 58 2048
85 59 2048
85 60 2048
85 61 2048
85 62 2049
85 63 2049
85 64 2049
85 65 2049
85 66 2050
85 67 2050
85 68 2050
85 69 2050
85 70 2051
85 71 2051
85 72 2051
85 73 2051
85 74 2052
85 75 2052
85 76 2052
85 77 2052
85 78 2053
85 79 2053
85 80 2053
85 81 2053
85 82 2054
85 83 2054
85 84 2054
85 85 2054
85 86 2055
85 87 2055
85 88 2055
85 89 2055
85 90 2056
85 91 2056
85 92 2056
85 93 2056
85 94 2057
85 95 2057
85 96 2057
85 97 2057
85 98 2033
85 99 2033
86 2 2058
86 3 2058
86 4 2058
86 5 2058
86 6 2059
86 7 2059
86 8 2059
86 9 2059
86 10 2060
86 11 2060
86 12 2060
86 13 2060
86 14 2061
86 15 2061
86 16 2061
86 17 2061
86 18 2062
86 19 2062
86 20 2062
86 21 2062
86 22 2063
86 23 2063
86 24 2063
86 25 2063
86 26 2064
86 27 2064
86 28 2064
86 29 2064
86 30 2065
86 31 2065
86 32 2065
86 33 2065
86 34 2066
86 35 2066
86 36 2066
86 37 2066
86 38 2067
86 39 2067
86 40 2067
86 41 2067
86 42 2068
86 43 2068
86 44 2068
86 45 2068
86 46 2069
86 47 2069
86 48 2069
86 49 2069
86 50 2070
86 51 2070
86 52 2070
86 53 2070
86 54 2071
86 55 2071
86 56 2071
86 57 2071
86 58 2072
86 59 2072
86 60 2072
86 61 2072
86 62 2073
86 63 2073
86 64 2073
86 65 2073
86 66 2074
86 67 2074
86 68 2074
86 69 2074
86 70 2075
86 71 2075
86 72 2075
86 73 2075
86 74 2076
86 75 2076
86 76 2076
86 77 2076
86 78 2077
86 79 2077
86 80 2077
86 81 2077
86 82 2078
86 83 2078
86 84 2078
86 85 2078
86 86 2079
86 87 2079
86 88 2079
86 89 2079
86 90 2080
86 91 2080
86 92 2080
86 93 2080
86 94 2081
86 95 2081
86 96 2081
86 97 2081
86 98 2082
86 99 2082
87 2 2083
87 3 2083
87 4 2083
87 5 2083
87 6 2084
87 7 2084
87 8 2084
87 9 2084
87 10 2085
87 11 2085
87 12 2085
87 13 2085
87 14 2086
87 15 2086
87 16 2086
87 17 2086
87 18 2087
87 19 2087
87 20 2087
87 21 2087
87 22 2088
87 23 2088
87 24 2088
87 25 2088
87 26 2089
87 27 2089
87 28 2089
87 29 2089
87 30 2090
87 31 2090
87 32 2090
87 33 2090
87 34 2091
87 35 2091
87 36 2091
87 37 2091
87 38 2092
87 39 2092
87 40 2092
87 41 2092
87 42 2093
87 43 2093
87 44 2093
87 45 2093
87 46 2094
87 47 2094
87 48 2094
87 49 2094
87 50 2095
87 51 2095
87 52 2095
87 53 2095
87 54 2096
87 55 2096
87 56 2096
87 57 2096
87 58 2097
87 59 2097
87 60 2097
87 61 2097
87 62 2098
87 63 2098
87 64 2098
87 65 2098
87 66 2099
87 67 2099
87 68 2099
87 69 2099
87 70 2100
87 71 2100
87 72 2100
87 73 2100
87 74 2101
87 75 2101
87 76 2101
87 77 2101
87 78 2102
87 79 2102
87 80 2102
87 81 2102
87 82 2103
87 83 2103
87 84 2103
87 85 2103
87 86 2104
87 87 2104
87 88 2104
87 89 2104
87 90 2105
87 91 2105
87 92 2105
87 93 2105
87 94 2106
87 95 2106
87 96 2106
87 97 2106
87 98 2082
87 99 2082
88 2 2107
88 3 2107
88 4 2107
88 5 2107
88 6 2108
88 7 2108
88 8 2108
88 9 2108
88 10 2109
88 11 2109
88 12 2109
88 13 2109
88 14 2110
88 15 2110
88 16 2110
88 17 2110
88 18 2111
88 19 2111
88 20 2111
88 21 2111
88 22 2112
88 23 2112
88 24 2112
88 25 2112
88 26 2113
88 27 2113
88 28 2113
88 29 2113
88 30 2114
88 31 2114
88 32 2114
88 33 2114
88 34 2115
88 35 2115
88 36 2115
88 37 2115
88 38 2116
88 39 2116
88 40 2116
88 41 2116
88 42 2117
88 43 2117
88 44 2117
88 45 2117
88 46 2118
88 47 2118
88 48 2118
88 49 2118
88 50 2119
88 51 2119
88 52 2119
88 53 2119
88 54 2120
88 55 2120
88 56 2120
88 57 2120
88 58 2121
88 59 2121
88 60 2121
88 61 2121
88 62 2122
88 63 2122
88 64 2122
88 65 2122
88 66 2123
88 67 2123
88 68 2123
88 69 2123
88 70 2124
88 71 2124
88 72 2124
88 73 2124
88 74 2125
88 75 2125
88 76 2125
88 77 2125
88 78 2126
88 79 2126
88 80 2126
88 81 2126
88 82 2127
88 83 2127
88 84 2127
88 85 2127
88 86 2128
88 87 2128
88 88 2128
88 89 2128
88 90 2129
88 91 2129
88 92 2129
88 93 2129
88 94 2130
88 95 2130
88 96 2130
88 97 2130
88 98 2131
88 99 2131
89 2 2132
89 3 2132
89 4 2132
89 5 2132
89 6 2133
89 7 2133
89 8 2133
89 9 2133
89 10 2134
89 11 2134
89 12 2134
89 13 2134
89 14 2135
89 15 2135
89 16 2135
89 17 2135
89 18 2136
89 19 2136
89 20 2136
89 21 2136
89 22 2137
89 23 2137
89 24 2137
89 25 2137
89 26 2138
89 27 2138
89 28 2138
89 29 2138
89 30 2139
89 31 2139
89 32 2139
89 33 2139
89 34 2140
89 35 2140
89 36 2140
89 37 2140
89 38 2141
89 39 2141
89 40 2141
89 41 2141
89 42 2142
89 43 2142
89 44 2142
89 45 2142
89 46 2143
89 47 2143
89 48 2143
89 49 2143
89 50 2144
89 51 2144
89 52 2144
89 53 2144
89 54 2145
89 55 2145
89 56 2145
89 57 2145
89 58 2146
89 59 2146
89 60 2146
89 61 2146
89 62 2147
89 63 2147
89 64 2147
89 65 2147
89 66 2148
89 67 2148
89 68 2148
89 69 2148
89 70 2149
89 71 2149
89 72 2149
89 73 2149
89 74 2150
89 75 2150
89 76 2150
89 77 2150
89 78 2151
89 79 2151
89 80 2151
89 81 2151
89 82 2152
89 83 2152
89 84 2152
89 85 2152
89 86 2153
89 87 2153
89 88 2153
89 89 2153
89 90 2154
89 91 2154
89 92 2154
89 93 2154
89 94 2155
89 95 2155
89 96 2155
89 97 2155
89 98 2131
89 99 2131
90 2 2156
90 3 2156
90 4 2156
90 5 2156
90 6 2157
90 7 2157
90 8 2157
90 9 2157
90 10 2158
90 11 2158
90 12 2158
90 13 2158
90 14 2159
90 15 2159
90 16 2159
90 17 2159
90 18 2160
90 19 2160
90 20 2160
90 21 2160
90 22 2161
90 23 2161
90 24 2161
90 25 2161
90 26 2162
90 27 2162
90 28 2162
90 29 2162
90 30 2163
90 31 2163
90 32 2163
90 33 2163
90 34 2164
90 35 2164
90 36 2164
90 37 2164
90 38 2165
90 39 2165
90 40 2165
90 41 2165
90 42 2166
90 43 2166
90 44 2166
90 45 2166
90 46 2167
90 47 2167
90 48 2167
90 49 2167
90 50 2168
90 51 2168
90 52 2168
90 53 2168
90 54 2169
90 55 2169
90 56 2169
90 57 2169
90 58 2170
90 59 2170
90 60 2170
90 61 2170
90 62 2171
90 63 2171
90 64 2171
90 65 2171
90 66 2172
90 67 2172
90 68 2172
90 69 2172
90 70 2173
90 71 2173
90 72 2173
90 73 2173
90 74 2174
90 75 2174
90 76 2174
90 77 2174
90 78 2175
90 79 2175
90 80 2175
90 81 2175
90 82 2176
90 83 2176
90 84 2176
90 85 2176
90 86 2177
90 87 2177
90 88 2177
90 89 2177
90 90 2178
90 91 2178
90 92 2178
90 93 2178
90 94 2179
90 95 2179
90 96 2179
90 97 2179
90 98 2180
90 99 2180
91 2 2181
91 3 2181
91 4 2181
91 5 2181
91 6 2182
91 7 2182
91 8 2182
91 9 2182
91 10 2183
91 11 2183
91 12 2183
91 13 2183
91 14 2184
91 15 2184
91 16 2184
91 17 2184
91 18 2185
91 19 2185
91 20 2185
91 21 2185
91 22 2186
91 23 2186
91 24 2186
91 25 2186
91 26 2187
91 27 2187
91 28 2187
91 29 2187
91 30 2188
91 31 2188
91 32 2188
91 33 2188
91 34 2189
91 35 2189
91 36 2189
91 37 2189
91 38 2190
91 39 2190
91 40 2190
91 41 2190
91 42 2191
91 43 2191
91 44 2191
91 45 2191
91 46 2192
91 47 2192
91 48 2192
91 49 2192
91 50 2193
91 51 2193
91 52 2193
91 53 2193
91 54 2194
91 55 2194
91 56 2194
91 57 2194
91 58 2195
91 59 2195
91 60 2195
91 61 2195
91 62 2196
91 63 2196
91 64 2196
91 65 2196
91 66 2197
91 67 2197
91 68 2197
91 69 2197
91 70 2198
91 71 2198
91 72 2198
91 73 2198
91 74 2199
91 75 2199
91 76 2199
91 77 2199
91 78 2200
91 79 2200
91 80 2200
91 81 2200
91 82 2201
91 83 2201
91 84 2201
91 85 2201
91 86 2202
91 87 2202
91 88 2202
91 89 2202
91 90 2203
91 91 2203
91 92 2203
91 93 2203
91 94 2204
91 95 2204
91 96 2204
91 97 2204
91 98 2180
91 99 2180
92 2 2205
92 3 2205
92 4 2205
92 5 2205
92 6 2206
92 7 2206
92 8 2206
92 9 2206
92 10 2207
92 11 2207
92 12 2207
92 13 2207
92 14 2208
92 15 2208
92 16 2208
92 17 2208
92 18 2209
92 19 2209
92 20 2209
92 21 2209
92 22 2210
92 23 2210
92 24 2210
92 25 2210
92 26 2211
92 27 2211
92 28 2211
92 29 2211
92 30 2212
92 31 2212
92 32 2212
92 33 2212
92 34 2213
92 35 2213
92 36 2213
92 37 2213
92 38 2214
92 39 2214
92 40 2214
92 41 2214
92 42 2215
92 43 2215
92 44 2215
92 45 2215
92 46 2216
92 47 2216
92 48 2216
92 49 2216
92 50 2217
92 51 2217
92 52 2217
92 53 2217
92 54 2218
92 55 2218
92 56 2218
92 57 2218
92 58 2219
92 59 2219
92 60 2219
92 61 2219
92 62 2220
92 63 2220
92 64 2220
92 65 2220
92 66 2221
92 67 2221
92 68 2221
92 69 2221
92 70 2222
92 71 2222
92 72 2222
92 73 2222
92 74 2223
92 75 2223
92 76 2223
92 77 2223
92 78 2224
92 79 2224
92 80 2224
92 81 2224
92 82 2225
92 83 2225
92 84 2225
92 85 2225
92 86 2226
92 87 2226
92 88 2226
92 89 2226
92 90 2227
92 91 2227
92 92 2227
92 93 2227
92 94 2228
92 95 2228
92 96 2228
92 97 2228
92 98 2229
92 99 2229
93 2 2230
93 3 2230
93 4 2230
93 5 2230
93 6 2231
93 7 2231
93 8 2231
93 9 2231
93 10 2232
93 11 2232
93 12 2232
93 13 2232
93 14 2233
93 15 2233
93 16 2233
93 17 2233
93 18 2234
93 19 2234
93 20 2234
93 21 2234
93 22 2235
93 23 2235
93 24 2235
93 25 2235
93 26 2236
93 27 2236
93 28 2236
93 29 2236
93 30 2237
93 31 2237
93 32 2237
93 33 2237
93 34 2238
93 35 2238
93 36 2238
93 37 2238
93 38 2239
93 39 2239
93 40 2239
93 41 2239
93 42 2240
93 43 2240
93 44 2240
93 45 2240
93 46 2241
93 47 2241
93 48 2241
93 49 2241
93 50 2242
93 51 2242
93 52 2242
93 53 2242
93 54 2243
93 55 2243
93 56 2243
93 57 2243
93 58 2244
93 59 2244
93 60 2244
93 61 2244
93 62 2245
93 63 2245
93 64 2245
93 65 2245
93 66 2246
93 67 2246
93 68 2246
93 69 2246
93 70 2247
93 71 2247
93 72 2247
93 73 2247
93 74 2248
93 75 2248
93 76 2248
93 77 2248
93 78 2249
93 79 2249
93 80 2249
93 81 2249
93 82 2250
93 83 2250
93 84 2250
93 85 2250
93 86 2251
93 87 2251
93 88 2251
93 89 2251
93 90 2252
93 91 2252
93 92 2252
93 93 2252
93 94 2253
93 95 2253
93 96 2253
93 97 2253
93 98 2229
93 99 2229
94 2 2254
94 3 2254
94 4 2254
94 5 2254
94 6 2255
94 7 2255
94 8 2255
94 9 2255
94 10 2256
94 11 2256
94 12 2256
94 13 2256
94 14 2257
94 15 2257
94 16 2257
94 17 2257
94 18 2258
94 19 2258
94 20 2258
94 21 2258
94 22 2259
94 23 2259
94 24 2259
94 25 2259
94 26 2260
94 27 2260
94 28 2260
94 29 2260
94 30 2261
94 31 2261
94 32 2261
94 33 2261
94 34 2262
94 35 2262
94 36 2262
94 37 2262
94 38 2263
94 39 2263
94 40 2263
94 41 2263
94 42 2264
94 43 2264
94 44 2264
94 45 2264
94 46 2265
94 47 2265
94 48 2265
94 49 2265
94 50 2266
94 51 2266
94 52 2266
94 53 2266
94 54 2267
94 55 2267
94 56 2267
94 57 2267
94 58 2268
94 59 2268
94 60 2268
94 61 2268
94 62 2269
94 63 2269
94 64 2269
94 65 2269
94 66 2270
94 67 2270
94 68 2270
94 69 2270
94 70 2271
94 71 2271
94 72 2271
94 73 2271
94 74 2272
94 75 2272
94 76 2272
94 77 2272
94 78 2273
94 79 2273
94 80 2273
94 81 2273
94 82 2274
94 83 2274
94 84 2274
94 85 2274
94 86 2275
94 87 2275
94 88 2275
94 89 2275
94 90 2276
94 91 2276
94 92 2276
94 93 2276
94 94 2277
94 95 2277
94 96 2277
94 97 2277
94 98 2278
94 99 2278
95 2 2279
95 3 2279
95 4 2279
95 5 2279
95 6 2280
95 7 2280
95 8 2280
95 9 2280
95 10 2281
95 11 2281
95 12 2281
95 13 2281
95 14 2282
95 15 2282
95 16 2282
95 17 2282
95 18 2283
95 19 2283
95 20 2283
95 21 2283
95 22 2284
95 23 2284
95 24 2284
95 25 2284
95 26 2285
95 27 2285
95 28 2285
95 29 2285
95 30 2286
95 31 2286
95 32 2286
95 33 2286
95 34 2287
95 35 2287
95 36 2287
95 37 2287
95 38 2288
95 39 2288
95 40 2288
95 41 2288
95 42 2289
95 43 2289
95 44 2289
95 45 2289
95 46 2290
95 47 2290
95 48 2290
95 49 2290
95 50 2291
95 51 2291
95 52 2291
95 53 2291
95 54 2292
95 55 2292
95 56 2292
95 57 2292
95 58 2293
95 59 2293
95 60 2293
95 61 2293
95 62 2294
95 63 2294
95 64 2294
95 65 2294
95 66 2295
95 67 2295
95 68 2295
95 69 2295
95 70 2296
95 71 2296
95 72 2296
95 73 2296
95 74 2297
95 75 2297
95 76 2297
95 77 2297
95 78 2298
95 79 2298
95 80 2298
95 81 2298
95 82 2299
95 83 2299
95 84 2299
95 85 2299
95 86 2300
95 87 2300
95 88 2300
95 89 2300
95 90 2301
95 91 2301
95 92 2301
95 93 2301
95 94 2302
95 95 2302
95 96 2302
95 97 2302
95 98 2278
95 99 2278
96 2 2303
96 3 2303
96 4 2303
96 5 2303
96 6 2304
96 7 2304
96 8 2304
96 9 2304
96 10 2305
96 11 2305
96 12 2305
96 13 2305
96 14 2306
96 15 2306
96 16 2306
96 17 2306
96 18 2307
96 19 2307
96 20 2307
96 21 2307
96 22 2308
96 23 2308
96 24 2308
96 25 2308
96 26 2309
96 27 2309
96 28 2309
96 29 2309
96 30 2310
96 31 2310
96 32 2310
96 33 2310
96 34 2311
96 35 2311
96 36 2311
96 37 2311
96 38 2312
96 39 2312
96 40 2312
96 41 2312
96 42 2313
96 43 2313
96 44 2313
96 45 2313
96 46 2314
96 47 2314
96 48 2314
96 49 2314
96 50 2315
96 51 2315
96 52 2315
96 53 2315
96 54 2316
96 55 2316
96 56 2316
96 57 2316
96 58 2317
96 59 2317
96 60 2317
96 61 2317
96 62 2318
96 63 2318
96 64 2318
96 65 2318
96 66 2319
96 67 2319
96 68 2319
96 69 2319
96 70 2320
96 71 2320
96 72 2320
96 73 2320
96 74 2321
96 75 2321
96 76 2321
96 77 2321
96 78 2322
96 79 2322
96 80 2322
96 81 2322
96 82 2323
96 83 2323
96 84 2323
96 85 2323
96 86 2324
96 87 2324
96 88 2324
96 89 2324
96 90 2325
96 91 2325
96 92 2325
96 93 2325
96 94 2326
96 95 2326
96 96 2326
96 97 2326
96 98 2327
96 99 2327
97 2 2328
97 3 2328
97 4 2328
97 5 2328
97 6 2329
97 7 2329
97 8 2329
97 9 2329
97 10 2330
97 11 2330
97 12 2330
97 13 2330
97 14 2331
97 15 2331
97 16 2331
97 17 2331
97 18 2332
97 19 2332
97 20 2332
97 21 2332
97 22 2333
97 23 2333
97 24 2333
97 25 2333
97 26 2334
97 27 2334
97 28 2334
97 29 2334
97 30 2335
97 31 2335
97 32 2335
97 33 2335
97 34 2336
97 35 2336
97 36 2336
97 37 2336
97 38 2337
97 39 2337
97 40 2337
97 41 2337
97 42 2338
97 43 2338
97 44 2338
97 45 2338
97 46 2339
97 47 2339
97 48 2339
97 49 2339
97 50 2340
97 51 2340
97 52 2340
97 53 2340
97 54 2341
97 55 2341
97 56 2341
97 57 2341
97 58 2342
97 59 2342
97 60 2342
97 61 2342
97 62 2343
97 63 2343
97 64 2343
97 65 2343
97 66 2344
97 67 2344
97 68 2344
97 69 2344
97 70 2345
97 71 2345
97 72 2345
97 73 2345
97 74 2346
97 75 2346
97 76 2346
97 77 2346
97 78 2347
97 79 2347
97 80 2347
97 81 2347
97 82 2348
97 83 2348
97 84 2348
97 85 2348
97 86 2349
97 87 2349
97 88 2349
97 89 2349
97 90 2350
97 91 2350
97 92 2350
97 93 2350
97 94 2351
97 95 2351
97 96 2351
97 97 2351
97 98 2327
97 99 2327
98 2 2352
98 3 2352
98 4 2352
98 5 2352
98 6 2353
98 7 2353
98 8 2353
98 9 2353
98 10 2354
98 11 2354
98 12 2354
98 13 2354
98 14 2355
98 15 2355
98 16 2355
98 17 2355
98 18 2356
98 19 2356
98 20 2356
98 21 2356
98 22 2357
98 23 2357
98 24 2357
98 25 2357
98 26 2358
98 27 2358
98 28 2358
98 29 2358
98 30 2359
98 31 2359
98 32 2359
98 33 2359
98 34 2360
98 35 2360
98 36 2360
98 37 2360
98 38 2361
98 39 2361
98 40 2361
98 41 2361
98 42 2362
98 43 2362
98 44 2362
98 45 2362
98 46 2363
98 47 2363
98 48 2363
98 49 2363
98 50 2364
98 51 2364
98 52 2364
98 53 2364
98 54 2365
98 55 2365
98 56 2365
98 57 2365
98 58 2366
98 59 2366
98 60 2366
98 61 2366
98 62 2367
98 63 2367
98 64 2367
98 65 2367
98 66 2368
98 67 2368
98 68 2368
98 69 2368
98 70 2369
98 71 2369
98 72 2369
98 73 2369
98 74 2370
98 75 2370
98 76 2370
98 77 2370
98 78 2371
98 79 2371
98 80 2371
98 81 2371
98 82 2372
98 83 2372
98 84 2372
98 85 2372
98 86 2373
98 87 2373
98 88 2373
98 89 2373
98 90 2374
98 91 2374
98 92 2374
98 93 2374
98 94 2375
98 95 2375
98 96 2375
98 97 2375
98 98 2376
98 99 2376
99 2 2377
99 3 2377
99 4 2377
99 5 2377
99 6 2378
99 7 2378
99 8 2378
99 9 2378
99 10 2379
99 11 2379
99 12 2379
99 13 2379
99 14 2380
99 15 2380
99 16 2380
99 17 2380
99 18 2381
99 19 2381
99 20 2381
99 21 2381
99 22 2382
99 23 2382
99 24 2382
99 25 2382
99 26 2383
99 27 2383
99 28 2383
99 29 2383
99 30 2384
99 31 2384
99 32 2384
99 33 2384
99 34 2385
99 35 2385
99 36 2385
99 37 2385
99 38 2386
99 39 2386
99 40 2386
99 41 2386
99 42 2387
99 43 2387
99 44 2387
99 45 2387
99 46 2388
99 47 2388
99 48 2388
99 49 2388
99 50 2389
99 51 2389
99 52 2389
99 53 2389
99 54 2390
99 55 2390
99 56 2390
99 57 2390
99 58 2391
99 59 2391
99 60 2391
99 61 2391
99 62 2392
99 63 2392
99 64 2392
99 65 2392
99 66 2393
99 67 2393
99 68 2393
99 69 2393
99 70 2394
99 71 2394
99 72 2394
99 73 2394
99 74 2395
99 75 2395
99 76 2395
99 77 2395
99 78 2396
99 79 2396
99 80 2396
99 81 2396
99 82 2397
99 83 2397
99 84 2397
99 85 2397
99 86 2398
99 87 2398
99 88 2398
99 89 2398
99 90 2399
99 91 2399
99 92 2399
99 93 2399
99 94 2400
99 95 2400
99 96 2400
99 97 2400
99 98 2376
99 99 2376
