9604
2 2 0
2 3 0
2 4 1
2 5 1
2 6 3
2 7 3
2 8 5
2 9 5
2 10 8
2 11 8
2 12 11
2 13 11
2 14 15
2 15 15
2 16 19
2 17 19
2 18 24
2 19 24
2 20 29
2 21 29
2 22 35
2 23 35
2 24 41
2 25 41
2 26 48
2 27 48
2 28 55
2 29 55
2 30 63
2 31 63
2 32 71
2 33 71
2 34 80
2 35 80
2 36 89
2 37 89
2 38 99
2 39 99
2 40 109
2 41 109
2 42 120
2 43 120
2 44 131
2 45 131
2 46 143
2 47 143
2 48 155
2 49 155
2 50 168
2 51 168
2 52 181
2 53 181
2 54 195
2 55 195
2 56 209
2 57 209
2 58 224
2 59 224
2 60 239
2 61 239
2 62 255
2 63 255
2 64 271
2 65 271
2 66 288
2 67 288
2 68 305
2 69 305
2 70 323
2 71 323
2 72 341
2 73 341
2 74 360
2 75 360
2 76 379
2 77 379
2 78 399
2 79 399
2 80 419
2 81 419
2 82 440
2 83 440
2 84 461
2 85 461
2 86 483
2 87 483
2 88 505
2 89 505
2 90 528
2 91 528
2 92 551
2 93 551
2 94 575
2 95 575
2 96 599
2 97 599
2 98 599
2 99 599
3 2 0
3 3 0
3 4 1
3 5 1
3 6 3
3 7 3
3 8 5
3 9 5
3 10 8
3 11 8
3 12 11
3 13 11
3 14 15
3 15 15
3 16 19
3 17 19
3 18 24
3 19 24
3 20 29
3 21 29
3 22 35
3 23 35
3 24 41
3 25 41
3 26 48
3 27 48
3 28 55
3 29 55
3 30 63
3 31 63
3 32 71
3 33 71
3 34 80
3 35 80
3 36 89
3 37 89
3 38 99
3 39 99
3 40 109
3 41 109
3 42 120
3 43 120
3 44 131
3 45 131
3 46 143
3 47 143
3 48 155
3 49 155
3 50 168
3 51 168
3 52 181
3 53 181
3 54 195
3 55 195
3 56 209
3 57 209
3 58 224
3 59 224
3 60 239
3 61 239
3 62 255
3 63 255
3 64 271
3 65 271
3 66 288
3 67 288
3 68 305
3 69 305
3 70 323
3 71 323
3 72 341
3 73 341
3 74 360
3 75 360
3 76 379
3 77 379
3 78 399
3 79 399
3 80 419
3 81 419
3 82 440
3 83 440
3 84 461
3 85 461
3 86 483
3 87 483
3 88 505
3 89 505
3 90 528
3 91 528
3 92 551
3 93 551
3 94 575
3 95 575
3 96 624
3 97 624
3 98 648
3 99 648
4 2 2
4 3 2
4 4 4
4 5 4
4 6 7
4 7 7
4 8 10
4 9 10
4 10 14
4 11 14
4 12 18
4 13 18
4 14 23
4 15 23
4 16 28
4 17 28
4 18 34
4 19 34
4 20 40
4 21 40
4 22 47
4 23 47
4 24 54
4 25 54
4 26 62
4 27 62
4 28 70
4 29 70
4 30 79
4 31 79
4 32 88
4 33 88
4 34 98
4 35 98
4 36 108
4 37 108
4 38 119
4 39 119
4 40 130
4 41 130
4 42 142
4 43 142
4 44 154
4 45 154
4 46 167
4 47 167
4 48 180
4 49 180
4 50 194
4 51 194
4 52 208
4 53 208
4 54 223
4 55 223
4 56 238
4 57 238
4 58 254
4 59 254
4 60 270
4 61 270
4 62 287
4 63 287
4 64 304
4 65 304
4 66 322
4 67 322
4 68 340
4 69 340
4 70 359
4 71 359
4 72 378
4 73 378
4 74 398
4 75 398
4 76 418
4 77 418
4 78 439
4 79 439
4 80 460
4 81 460
4 82 482
4 83 482
4 84 504
4 85 504
4 86 527
4 87 527
4 88 550
4 89 550
4 90 574
4 91 574
4 92 598
4 93 598
4 94 623
4 95 623
4 96 624
4 97 624
4 98 648
4 99 648
5 2 2
5 3 2
5 4 4
5 5 4
5 6 7
5 7 7
5 8 10
5 9 10
5 10 14
5 11 14
5 12 18
5 13 18
5 14 23
5 15 23
5 16 28
5 17 28
5 18 34
5 19 34
5 20 40
5 21 40
5 22 47
5 23 47
5 24 54
5 25 54
5 26 62
5 27 62
5 28 70
5 29 70
5 30 79
5 31 79
5 32 88
5 33 88
5 34 98
5 35 98
5 36 108
5 37 108
5 38 119
5 39 119
5 40 130
5 41 130
5 42 142
5 43 142
5 44 154
5 45 154
5 46 167
5 47 167
5 48 180
5 49 180
5 50 194
5 51 194
5 52 208
5 53 208
5 54 223
5 55 223
5 56 238
5 57 238
5 58 254
5 59 254
5 60 270
5 61 270
5 62 287
5 63 287
5 64 304
5 65 304
5 66 322
5 67 322
5 68 340
5 69 340
5 70 359
5 71 359
5 72 378
5 73 378
5 74 398
5 75 398
5 76 418
5 77 418
5 78 439
5 79 439
5 80 460
5 81 460
5 82 482
5 83 482
5 84 504
5 85 504
5 86 527
5 87 527
5 88 550
5 89 550
5 90 574
5 91 574
5 92 598
5 93 598
5 94 623
5 95 623
5 96 673
5 97 673
5 98 697
5 99 697
6 2 6
6 3 6
6 4 9
6 5 9
6 6 13
6 7 13
6 8 17
6 9 17
6 10 22
6 11 22
6 12 27
6 13 27
6 14 33
6 15 33
6 16 39
6 17 39
6 18 46
6 19 46
6 20 53
6 21 53
6 22 61
6 23 61
6 24 69
6 25 69
6 26 78
6 27 78
6 28 87
6 29 87
6 30 97
6 31 97
6 32 107
6 33 107
6 34 118
6 35 118
6 36 129
6 37 129
6 38 141
6 39 141
6 40 153
6 41 153
6 42 166
6 43 166
6 44 179
6 45 179
6 46 193
6 47 193
6 48 207
6 49 207
6 50 222
6 51 222
6 52 237
6 53 237
6 54 253
6 55 253
6 56 269
6 57 269
6 58 286
6 59 286
6 60 303
6 61 303
6 62 321
6 63 321
6 64 339
6 65 339
6 66 358
6 67 358
6 68 377
6 69 377
6 70 397
6 71 397
6 72 417
6 73 417
6 74 438
6 75 438
6 76 459
6 77 459
6 78 481
6 79 481
6 80 503
6 81 503
6 82 526
6 83 526
6 84 549
6 85 549
6 86 573
6 87 573
6 88 597
6 89 597
6 90 622
6 91 622
6 92 647
6 93 647
6 94 672
6 95 672
6 96 673
6 97 673
6 98 697
6 99 697
7 2 6
7 3 6
7 4 9
7 5 9
7 6 13
7 7 13
7 8 17
7 9 17
7 10 22
7 11 22
7 12 27
7 13 27
7 14 33
7 15 33
7 16 39
7 17 39
7 18 46
7 19 46
7 20 53
7 21 53
7 22 61
7 23 61
7 24 69
7 25 69
7 26 78
7 27 78
7 28 87
7 29 87
7 30 97
7 31 97
7 32 107
7 33 107
7 34 118
7 35 118
7 36 129
7 37 129
7 38 141
7 39 141
7 40 153
7 41 153
7 42 166
7 43 166
7 44 179
7 45 179
7 46 193
7 47 193
7 48 207
7 49 207
7 50 222
7 51 222
7 52 237
7 53 237
7 54 253
7 55 253
7 56 269
7 57 269
7 58 286
7 59 286
7 60 303
7 61 303
7 62 321
7 63 321
7 64 339
7 65 339
7 66 358
7 67 358
7 68 377
7 69 377
7 70 397
7 71 397
7 72 417
7 73 417
7 74 438
7 75 438
7 76 459
7 77 459
7 78 481
7 79 481
7 80 503
7 81 503
7 82 526
7 83 526
7 84 549
7 85 549
7 86 573
7 87 573
7 88 597
7 89 597
7 90 622
7 91 622
7 92 647
7 93 647
7 94 672
7 95 672
7 96 722
7 97 722
7 98 746
7 99 746
8 2 12
8 3 12
8 4 16
8 5 16
8 6 21
8 7 21
8 8 26
8 9 26
8 10 32
8 11 32
8 12 38
8 13 38
8 14 45
8 15 45
8 16 52
8 17 52
8 18 60
8 19 60
8 20 68
8 21 68
8 22 77
8 23 77
8 24 86
8 25 86
8 26 96
8 27 96
8 28 106
8 29 106
8 30 117
8 31 117
8 32 128
8 33 128
8 34 140
8 35 140
8 36 152
8 37 152
8 38 165
8 39 165
8 40 178
8 41 178
8 42 192
8 43 192
8 44 206
8 45 206
8 46 221
8 47 221
8 48 236
8 49 236
8 50 252
8 51 252
8 52 268
8 53 268
8 54 285
8 55 285
8 56 302
8 57 302
8 58 320
8 59 320
8 60 338
8 61 338
8 62 357
8 63 357
8 64 376
8 65 376
8 66 396
8 67 396
8 68 416
8 69 416
8 70 437
8 71 437
8 72 458
8 73 458
8 74 480
8 75 480
8 76 502
8 77 502
8 78 525
8 79 525
8 80 548
8 81 548
8 82 572
8 83 572
8 84 596
8 85 596
8 86 621
8 87 621
8 88 646
8 89 646
8 90 671
8 91 671
8 92 696
8 93 696
8 94 721
8 95 721
8 96 722
8 97 722
8 98 746
8 99 746
9 2 12
9 3 12
9 4 16
9 5 16
9 6 21
9 7 21
9 8 26
9 9 26
9 10 32
9 11 32
9 12 38
9 13 38
9 14 45
9 15 45
9 16 52
9 17 52
9 18 60
9 19 60
9 20 68
9 21 68
9 22 77
9 23 77
9 24 86
9 25 86
9 26 96
9 27 96
9 28 106
9 29 106
9 30 117
9 31 117
9 32 128
9 33 128
9 34 140
9 35 140
9 36 152
9 37 152
9 38 165
9 39 165
9 40 178
9 41 178
9 42 192
9 43 192
9 44 206
9 45 206
9 46 221
9 47 221
9 48 236
9 49 236
9 50 252
9 51 252
9 52 268
9 53 268
9 54 285
9 55 285
9 56 302
9 57 302
9 58 320
9 59 320
9 60 338
9 61 338
9 62 357
9 63 357
9 64 376
9 65 376
9 66 396
9 67 396
9 68 416
9 69 416
9 70 437
9 71 437
9 72 458
9 73 458
9 74 480
9 75 480
9 76 502
9 77 502
9 78 525
9 79 525
9 80 548
9 81 548
9 82 572
9 83 572
9 84 596
9 85 596
9 86 621
9 87 621
9 88 646
9 89 646
9 90 671
9 91 671
9 92 696
9 93 696
9 94 721
9 95 721
9 96 771
9 97 771
9 98 795
9 99 795
10 2 20
10 3 20
10 4 25
10 5 25
10 6 31
10 7 31
10 8 37
10 9 37
10 10 44
10 11 44
10 12 51
10 13 51
10 14 59
10 15 59
10 16 67
10 17 67
10 18 76
10 19 76
10 20 85
10 21 85
10 22 95
10 23 95
10 24 105
10 25 105
10 26 116
10 27 116
10 28 127
10 29 127
10 30 139
10 31 139
10 32 151
10 33 151
10 34 164
10 35 164
10 36 177
10 37 177
10 38 191
10 39 191
10 40 205
10 41 205
10 42 220
10 43 220
10 44 235
10 45 235
10 46 251
10 47 251
10 48 267
10 49 267
10 50 284
10 51 284
10 52 301
10 53 301
10 54 319
10 55 319
10 56 337
10 57 337
10 58 356
10 59 356
10 60 375
10 61 375
10 62 395
10 63 395
10 64 415
10 65 415
10 66 436
10 67 436
10 68 457
10 69 457
10 70 479
10 71 479
10 72 501
10 73 501
10 74 524
10 75 524
10 76 547
10 77 547
10 78 571
10 79 571
10 80 595
10 81 595
10 82 620
10 83 620
10 84 645
10 85 645
10 86 670
10 87 670
10 88 695
10 89 695
10 90 720
10 91 720
10 92 745
10 93 745
10 94 770
10 95 770
10 96 771
10 97 771
10 98 795
10 99 795
11 2 20
11 3 20
11 4 25
11 5 25
11 6 31
11 7 31
11 8 37
11 9 37
11 10 44
11 11 44
11 12 51
11 13 51
11 14 59
11 15 59
11 16 67
11 17 67
11 18 76
11 19 76
11 20 85
11 21 85
11 22 95
11 23 95
11 24 105
11 25 105
11 26 116
11 27 116
11 28 127
11 29 127
11 30 139
11 31 139
11 32 151
11 33 151
11 34 164
11 35 164
11 36 177
11 37 177
11 38 191
11 39 191
11 40 205
11 41 205
11 42 220
11 43 220
11 44 235
11 45 235
11 46 251
11 47 251
11 48 267
11 49 267
11 50 284
11 51 284
11 52 301
11 53 301
11 54 319
11 55 319
11 56 337
11 57 337
11 58 356
11 59 356
11 60 375
11 61 375
11 62 395
11 63 395
11 64 415
11 65 415
11 66 436
11 67 436
11 68 457
11 69 457
11 70 479
11 71 479
11 72 501
11 73 501
11 74 524
11 75 524
11 76 547
11 77 547
11 78 571
11 79 571
11 80 595
11 81 595
11 82 620
11 83 620
11 84 645
11 85 645
11 86 670
11 87 670
11 88 695
11 89 695
11 90 720
11 91 720
11 92 745
11 93 745
11 94 770
11 95 770
11 96 820
11 97 820
11 98 844
11 99 844
12 2 30
12 3 30
12 4 36
12 5 36
12 6 43
12 7 43
12 8 50
12 9 50
12 10 58
12 11 58
12 12 66
12 13 66
12 14 75
12 15 75
12 16 84
12 17 84
12 18 94
12 19 94
12 20 104
12 21 104
12 22 115
12 23 115
12 24 126
12 25 126
12 26 138
12 27 138
12 28 150
12 29 150
12 30 163
12 31 163
12 32 176
12 33 176
12 34 190
12 35 190
12 36 204
12 37 204
12 38 219
12 39 219
12 40 234
12 41 234
12 42 250
12 43 250
12 44 266
12 45 266
12 46 283
12 47 283
12 48 300
12 49 300
12 50 318
12 51 318
12 52 336
12 53 336
12 54 355
12 55 355
12 56 374
12 57 374
12 58 394
12 59 394
12 60 414
12 61 414
12 62 435
12 63 435
12 64 456
12 65 456
12 66 478
12 67 478
12 68 500
12 69 500
12 70 523
12 71 523
12 72 546
12 73 546
12 74 570
12 75 570
12 76 594
12 77 594
12 78 619
12 79 619
12 80 644
12 81 644
12 82 669
12 83 669
12 84 694
12 85 694
12 86 719
12 87 719
12 88 744
12 89 744
12 90 769
12 91 769
12 92 794
12 93 794
12 94 819
12 95 819
12 96 820
12 97 820
12 98 844
12 99 844
13 2 30
13 3 30
13 4 36
13 5 36
13 6 43
13 7 43
13 8 50
13 9 50
13 10 58
13 11 58
13 12 66
13 13 66
13 14 75
13 15 75
13 16 84
13 17 84
13 18 94
13 19 94
13 20 104
13 21 104
13 22 115
13 23 115
13 24 126
13 25 126
13 26 138
13 27 138
13 28 150
13 29 150
13 30 163
13 31 163
13 32 176
13 33 176
13 34 190
13 35 190
13 36 204
13 37 204
13 38 219
13 39 219
13 40 234
13 41 234
13 42 250
13 43 250
13 44 266
13 45 266
13 46 283
13 47 283
13 48 300
13 49 300
13 50 318
13 51 318
13 52 336
13 53 336
13 54 355
13 55 355
13 56 374
13 57 374
13 58 394
13 59 394
13 60 414
13 61 414
13 62 435
13 63 435
13 64 456
13 65 456
13 66 478
13 67 478
13 68 500
13 69 500
13 70 523
13 71 523
13 72 546
13 73 546
13 74 570
13 75 570
13 76 594
13 77 594
13 78 619
13 79 619
13 80 644
13 81 644
13 82 669
13 83 669
13 84 694
13 85 694
13 86 719
13 87 719
13 88 744
13 89 744
13 90 769
13 91 769
13 92 794
13 93 794
13 94 819
13 95 819
13 96 869
13 97 869
13 98 893
13 99 893
14 2 42
14 3 42
14 4 49
14 5 49
14 6 57
14 7 57
14 8 65
14 9 65
14 10 74
14 11 74
14 12 83
14 13 83
14 14 93
14 15 93
14 16 103
14 17 103
14 18 114
14 19 114
14 20 125
14 21 125
14 22 137
14 23 137
14 24 149
14 25 149
14 26 162
14 27 162
14 28 175
14 29 175
14 30 189
14 31 189
14 32 203
14 33 203
14 34 218
14 35 218
14 36 233
14 37 233
14 38 249
14 39 249
14 40 265
14 41 265
14 42 282
14 43 282
14 44 299
14 45 299
14 46 317
14 47 317
14 48 335
14 49 335
14 50 354
14 51 354
14 52 373
14 53 373
14 54 393
14 55 393
14 56 413
14 57 413
14 58 434
14 59 434
14 60 455
14 61 455
14 62 477
14 63 477
14 64 499
14 65 499
14 66 522
14 67 522
14 68 545
14 69 545
14 70 569
14 71 569
14 72 593
14 73 593
14 74 618
14 75 618
14 76 643
14 77 643
14 78 668
14 79 668
14 80 693
14 81 693
14 82 718
14 83 718
14 84 743
14 85 743
14 86 768
14 87 768
14 88 793
14 89 793
14 90 818
14 91 818
14 92 843
14 93 843
14 94 868
14 95 868
14 96 869
14 97 869
14 98 893
14 99 893
15 2 42
15 3 42
15 4 49
15 5 49
15 6 57
15 7 57
15 8 65
15 9 65
15 10 74
15 11 74
15 12 83
15 13 83
15 14 93
15 15 93
15 16 103
15 17 103
15 18 114
15 19 114
15 20 125
15 21 125
15 22 137
15 23 137
15 24 149
15 25 149
15 26 162
15 27 162
15 28 175
15 29 175
15 30 189
15 31 189
15 32 203
15 33 203
15 34 218
15 35 218
15 36 233
15 37 233
15 38 249
15 39 249
15 40 265
15 41 265
15 42 282
15 43 282
15 44 299
15 45 299
15 46 317
15 47 317
15 48 335
15 49 335
15 50 354
15 51 354
15 52 373
15 53 373
15 54 393
15 55 393
15 56 413
15 57 413
15 58 434
15 59 434
15 60 455
15 61 455
15 62 477
15 63 477
15 64 499
15 65 499
15 66 522
15 67 522
15 68 545
15 69 545
15 70 569
15 71 569
15 72 593
15 73 593
15 74 618
15 75 618
15 76 643
15 77 643
15 78 668
15 79 668
15 80 693
15 81 693
15 82 718
15 83 718
15 84 743
15 85 743
15 86 768
15 87 768
15 88 793
15 89 793
15 90 818
15 91 818
15 92 843
15 93 843
15 94 868
15 95 868
15 96 918
15 97 918
15 98 942
15 99 942
16 2 56
16 3 56
16 4 64
16 5 64
16 6 73
16 7 73
16 8 82
16 9 82
16 10 92
16 11 92
16 12 102
16 13 102
16 14 113
16 15 113
16 16 124
16 17 124
16 18 136
16 19 136
16 20 148
16 21 148
16 22 161
16 23 161
16 24 174
16 25 174
16 26 188
16 27 188
16 28 202
16 29 202
16 30 217
16 31 217
16 32 232
16 33 232
16 34 248
16 35 248
16 36 264
16 37 264
16 38 281
16 39 281
16 40 298
16 41 298
16 42 316
16 43 316
16 44 334
16 45 334
16 46 353
16 47 353
16 48 372
16 49 372
16 50 392
16 51 392
16 52 412
16 53 412
16 54 433
16 55 433
16 56 454
16 57 454
16 58 476
16 59 476
16 60 498
16 61 498
16 62 521
16 63 521
16 64 544
16 65 544
16 66 568
16 67 568
16 68 592
16 69 592
16 70 617
16 71 617
16 72 642
16 73 642
16 74 667
16 75 667
16 76 692
16 77 692
16 78 717
16 79 717
16 80 742
16 81 742
16 82 767
16 83 767
16 84 792
16 85 792
16 86 817
16 87 817
16 88 842
16 89 842
16 90 867
16 91 867
16 92 892
16 93 892
16 94 917
16 95 917
16 96 918
16 97 918
16 98 942
16 99 942
17 2 56
17 3 56
17 4 64
17 5 64
17 6 73
17 7 73
17 8 82
17 9 82
17 10 92
17 11 92
17 12 102
17 13 102
17 14 113
17 15 113
17 16 124
17 17 124
17 18 136
17 19 136
17 20 148
17 21 148
17 22 161
17 23 161
17 24 174
17 25 174
17 26 188
17 27 188
17 28 202
17 29 202
17 30 217
17 31 217
17 32 232
17 33 232
17 34 248
17 35 248
17 36 264
17 37 264
17 38 281
17 39 281
17 40 298
17 41 298
17 42 316
17 43 316
17 44 334
17 45 334
17 46 353
17 47 353
17 48 372
17 49 372
17 50 392
17 51 392
17 52 412
17 53 412
17 54 433
17 55 433
17 56 454
17 57 454
17 58 476
17 59 476
17 60 498
17 61 498
17 62 521
17 63 521
17 64 544
17 65 544
17 66 568
17 67 568
17 68 592
17 69 592
17 70 617
17 71 617
17 72 642
17 73 642
17 74 667
17 75 667
17 76 692
17 77 692
17 78 717
17 79 717
17 80 742
17 81 742
17 82 767
17 83 767
17 84 792
17 85 792
17 86 817
17 87 817
17 88 842
17 89 842
17 90 867
17 91 867
17 92 892
17 93 892
17 94 917
17 95 917
17 96 967
17 97 967
17 98 991
17 99 991
18 2 72
18 3 72
18 4 81
18 5 81
18 6 91
18 7 91
18 8 101
18 9 101
18 10 112
18 11 112
18 12 123
18 13 123
18 14 135
18 15 135
18 16 147
18 17 147
18 18 160
18 19 160
18 20 173
18 21 173
18 22 187
18 23 187
18 24 201
18 25 201
18 26 216
18 27 216
18 28 231
18 29 231
18 30 247
18 31 247
18 32 263
18 33 263
18 34 280
18 35 280
18 36 297
18 37 297
18 38 315
18 39 315
18 40 333
18 41 333
18 42 352
18 43 352
18 44 371
18 45 371
18 46 391
18 47 391
18 48 411
18 49 411
18 50 432
18 51 432
18 52 453
18 53 453
18 54 475
18 55 475
18 56 497
18 57 497
18 58 520
18 59 520
18 60 543
18 61 543
18 62 567
18 63 567
18 64 591
18 65 591
18 66 616
18 67 616
18 68 641
18 69 641
18 70 666
18 71 666
18 72 691
18 73 691
18 74 716
18 75 716
18 76 741
18 77 741
18 78 766
18 79 766
18 80 791
18 81 791
18 82 816
18 83 816
18 84 841
18 85 841
18 86 866
18 87 866
18 88 891
18 89 891
18 90 916
18 91 916
18 92 941
18 93 941
18 94 966
18 95 966
18 96 967
18 97 967
18 98 991
18 99 991
19 2 72
19 3 72
19 4 81
19 5 81
19 6 91
19 7 91
19 8 101
19 9 101
19 10 112
19 11 112
19 12 123
19 13 123
19 14 135
19 15 135
19 16 147
19 17 147
19 18 160
19 19 160
19 20 173
19 21 173
19 22 187
19 23 187
19 24 201
19 25 201
19 26 216
19 27 216
19 28 231
19 29 231
19 30 247
19 31 247
19 32 263
19 33 263
19 34 280
19 35 280
19 36 297
19 37 297
19 38 315
19 39 315
19 40 333
19 41 333
19 42 352
19 43 352
19 44 371
19 45 371
19 46 391
19 47 391
19 48 411
19 49 411
19 50 432
19 51 432
19 52 453
19 53 453
19 54 475
19 55 475
19 56 497
19 57 497
19 58 520
19 59 520
19 60 543
19 61 543
19 62 567
19 63 567
19 64 591
19 65 591
19 66 616
19 67 616
19 68 641
19 69 641
19 70 666
19 71 666
19 72 691
19 73 691
19 74 716
19 75 716
19 76 741
19 77 741
19 78 766
19 79 766
19 80 791
19 81 791
19 82 816
19 83 816
19 84 841
19 85 841
19 86 866
19 87 866
19 88 891
19 89 891
19 90 916
19 91 916
19 92 941
19 93 941
19 94 966
19 95 966
19 96 1016
19 97 1016
19 98 1040
19 99 1040
20 2 90
20 3 90
20 4 100
20 5 100
20 6 111
20 7 111
20 8 122
20 9 122
20 10 134
20 11 134
20 12 146
20 13 146
20 14 159
20 15 159
20 16 172
20 17 172
20 18 186
20 19 186
20 20 200
20 21 200
20 22 215
20 23 215
20 24 230
20 25 230
20 26 246
20 27 246
20 28 262
20 29 262
20 30 279
20 31 279
20 32 296
20 33 296
20 34 314
20 35 314
20 36 332
20 37 332
20 38 351
20 39 351
20 40 370
20 41 370
20 42 390
20 43 390
20 44 410
20 45 410
20 46 431
20 47 431
20 48 452
20 49 452
20 50 474
20 51 474
20 52 496
20 53 496
20 54 519
20 55 519
20 56 542
20 57 542
20 58 566
20 59 566
20 60 590
20 61 590
20 62 615
20 63 615
20 64 640
20 65 640
20 66 665
20 67 665
20 68 690
20 69 690
20 70 715
20 71 715
20 72 740
20 73 740
20 74 765
20 75 765
20 76 790
20 77 790
20 78 815
20 79 815
20 80 840
20 81 840
20 82 865
20 83 865
20 84 890
20 85 890
20 86 915
20 87 915
20 88 940
20 89 940
20 90 965
20 91 965
20 92 990
20 93 990
20 94 1015
20 95 1015
20 96 1016
20 97 1016
20 98 1040
20 99 1040
21 2 90
21 3 90
21 4 100
21 5 100
21 6 111
21 7 111
21 8 122
21 9 122
21 10 134
21 11 134
21 12 146
21 13 146
21 14 159
21 15 159
21 16 172
21 17 172
21 18 186
21 19 186
21 20 200
21 21 200
21 22 215
21 23 215
21 24 230
21 25 230
21 26 246
21 27 246
21 28 262
21 29 262
21 30 279
21 31 279
21 32 296
21 33 296
21 34 314
21 35 314
21 36 332
21 37 332
21 38 351
21 39 351
21 40 370
21 41 370
21 42 390
21 43 390
21 44 410
21 45 410
21 46 431
21 47 431
21 48 452
21 49 452
21 50 474
21 51 474
21 52 496
21 53 496
21 54 519
21 55 519
21 56 542
21 57 542
21 58 566
21 59 566
21 60 590
21 61 590
21 62 615
21 63 615
21 64 640
21 65 640
21 66 665
21 67 665
21 68 690
21 69 690
21 70 715
21 71 715
21 72 740
21 73 740
21 74 765
21 75 765
21 76 790
21 77 790
21 78 815
21 79 815
21 80 840
21 81 840
21 82 865
21 83 865
21 84 890
21 85 890
21 86 915
21 87 915
21 88 940
21 89 940
21 90 965
21 91 965
21 92 990
21 93 990
21 94 1015
21 95 1015
21 96 1065
21 97 1065
21 98 1089
21 99 1089
22 2 110
22 3 110
22 4 121
22 5 121
22 6 133
22 7 133
22 8 145
22 9 145
22 10 158
22 11 158
22 12 171
22 13 171
22 14 185
22 15 185
22 16 199
22 17 199
22 18 214
22 19 214
22 20 229
22 21 229
22 22 245
22 23 245
22 24 261
22 25 261
22 26 278
22 27 278
22 28 295
22 29 295
22 30 313
22 31 313
22 32 331
22 33 331
22 34 350
22 35 350
22 36 369
22 37 369
22 38 389
22 39 389
22 40 409
22 41 409
22 42 430
22 43 430
22 44 451
22 45 451
22 46 473
22 47 473
22 48 495
22 49 495
22 50 518
22 51 518
22 52 541
22 53 541
22 54 565
22 55 565
22 56 589
22 57 589
22 58 614
22 59 614
22 60 639
22 61 639
22 62 664
22 63 664
22 64 689
22 65 689
22 66 714
22 67 714
22 68 739
22 69 739
22 70 764
22 71 764
22 72 789
22 73 789
22 74 814
22 75 814
22 76 839
22 77 839
22 78 864
22 79 864
22 80 889
22 81 889
22 82 914
22 83 914
22 84 939
22 85 939
22 86 964
22 87 964
22 88 989
22 89 989
22 90 1014
22 91 1014
22 92 1039
22 93 1039
22 94 1064
22 95 1064
22 96 1065
22 97 1065
22 98 1089
22 99 1089
23 2 110
23 3 110
23 4 121
23 5 121
23 6 133
23 7 133
23 8 145
23 9 145
23 10 158
23 11 158
23 12 171
23 13 171
23 14 185
23 15 185
23 16 199
23 17 199
23 18 214
23 19 214
23 20 229
23 21 229
23 22 245
23 23 245
23 24 261
23 25 261
23 26 278
23 27 278
23 28 295
23 29 295
23 30 313
23 31 313
23 32 331
23 33 331
23 34 350
23 35 350
23 36 369
23 37 369
23 38 389
23 39 389
23 40 409
23 41 409
23 42 430
23 43 430
23 44 451
23 45 451
23 46 473
23 47 473
23 48 495
23 49 495
23 50 518
23 51 518
23 52 541
23 53 541
23 54 565
23 55 565
23 56 589
23 57 589
23 58 614
23 59 614
23 60 639
23 61 639
23 62 664
23 63 664
23 64 689
23 65 689
23 66 714
23 67 714
23 68 739
23 69 739
23 70 764
23 71 764
23 72 789
23 73 789
23 74 814
23 75 814
23 76 839
23 77 839
23 78 864
23 79 864
23 80 889
23 81 889
23 82 914
23 83 914
23 84 939
23 85 939
23 86 964
23 87 964
23 88 989
23 89 989
23 90 1014
23 91 1014
23 92 1039
23 93 1039
23 94 1064
23 95 1064
23 96 1114
23 97 1114
23 98 1138
23 99 1138
24 2 132
24 3 132
24 4 144
24 5 144
24 6 157
24 7 157
24 8 170
24 9 170
24 10 184
24 11 184
24 12 198
24 13 198
24 14 213
24 15 213
24 16 228
24 17 228
24 18 244
24 19 244
24 20 260
24 21 260
24 22 277
24 23 277
24 24 294
24 25 294
24 26 312
24 27 312
24 28 330
24 29 330
24 30 349
24 31 349
24 32 368
24 33 368
24 34 388
24 35 388
24 36 408
24 37 408
24 38 429
24 39 429
24 40 450
24 41 450
24 42 472
24 43 472
24 44 494
24 45 494
24 46 517
24 47 517
24 48 540
24 49 540
24 50 564
24 51 564
24 52 588
24 53 588
24 54 613
24 55 613
24 56 638
24 57 638
24 58 663
24 59 663
24 60 688
24 61 688
24 62 713
24 63 713
24 64 738
24 65 738
24 66 763
24 67 763
24 68 788
24 69 788
24 70 813
24 71 813
24 72 838
24 73 838
24 74 863
24 75 863
24 76 888
24 77 888
24 78 913
24 79 913
24 80 938
24 81 938
24 82 963
24 83 963
24 84 988
24 85 988
24 86 1013
24 87 1013
24 88 1038
24 89 1038
24 90 1063
24 91 1063
24 92 1088
24 93 1088
24 94 1113
24 95 1113
24 96 1114
24 97 1114
24 98 1138
24 99 1138
25 2 132
25 3 132
25 4 144
25 5 144
25 6 157
25 7 157
25 8 170
25 9 170
25 10 184
25 11 184
25 12 198
25 13 198
25 14 213
25 15 213
25 16 228
25 17 228
25 18 244
25 19 244
25 20 260
25 21 260
25 22 277
25 23 277
25 24 294
25 25 294
25 26 312
25 27 312
25 28 330
25 29 330
25 30 349
25 31 349
25 32 368
25 33 368
25 34 388
25 35 388
25 36 408
25 37 408
25 38 429
25 39 429
25 40 450
25 41 450
25 42 472
25 43 472
25 44 494
25 45 494
25 46 517
25 47 517
25 48 540
25 49 540
25 50 564
25 51 564
25 52 588
25 53 588
25 54 613
25 55 613
25 56 638
25 57 638
25 58 663
25 59 663
25 60 688
25 61 688
25 62 713
25 63 713
25 64 738
25 65 738
25 66 763
25 67 763
25 68 788
25 69 788
25 70 813
25 71 813
25 72 838
25 73 838
25 74 863
25 75 863
25 76 888
25 77 888
25 78 913
25 79 913
25 80 938
25 81 938
25 82 963
25 83 963
25 84 988
25 85 988
25 86 1013
25 87 1013
25 88 1038
25 89 1038
25 90 1063
25 91 1063
25 92 1088
25 93 1088
25 94 1113
25 95 1113
25 96 1163
25 97 1163
25 98 1187
25 99 1187
26 2 156
26 3 156
26 4 169
26 5 169
26 6 183
26 7 183
26 8 197
26 9 197
26 10 212
26 11 212
26 12 227
26 13 227
26 14 243
26 15 243
26 16 259
26 17 259
26 18 276
26 19 276
26 20 293
26 21 293
26 22 311
26 23 311
26 24 329
26 25 329
26 26 348
26 27 348
26 28 367
26 29 367
26 30 387
26 31 387
26 32 407
26 33 407
26 34 428
26 35 428
26 36 449
26 37 449
26 38 471
26 39 471
26 40 493
26 41 493
26 42 516
26 43 516
26 44 539
26 45 539
26 46 563
26 47 563
26 48 587
26 49 587
26 50 612
26 51 612
26 52 637
26 53 637
26 54 662
26 55 662
26 56 687
26 57 687
26 58 712
26 59 712
26 60 737
26 61 737
26 62 762
26 63 762
26 64 787
26 65 787
26 66 812
26 67 812
26 68 837
26 69 837
26 70 862
26 71 862
26 72 887
26 73 887
26 74 912
26 75 912
26 76 937
26 77 937
26 78 962
26 79 962
26 80 987
26 81 987
26 82 1012
26 83 1012
26 84 1037
26 85 1037
26 86 1062
26 87 1062
26 88 1087
26 89 1087
26 90 1112
26 91 1112
26 92 1137
26 93 1137
26 94 1162
26 95 1162
26 96 1163
26 97 1163
26 98 1187
26 99 1187
27 2 156
27 3 156
27 4 169
27 5 169
27 6 183
27 7 183
27 8 197
27 9 197
27 10 212
27 11 212
27 12 227
27 13 227
27 14 243
27 15 243
27 16 259
27 17 259
27 18 276
27 19 276
27 20 293
27 21 293
27 22 311
27 23 311
27 24 329
27 25 329
27 26 348
27 27 348
27 28 367
27 29 367
27 30 387
27 31 387
27 32 407
27 33 407
27 34 428
27 35 428
27 36 449
27 37 449
27 38 471
27 39 471
27 40 493
27 41 493
27 42 516
27 43 516
27 44 539
27 45 539
27 46 563
27 47 563
27 48 587
27 49 587
27 50 612
27 51 612
27 52 637
27 53 637
27 54 662
27 55 662
27 56 687
27 57 687
27 58 712
27 59 712
27 60 737
27 61 737
27 62 762
27 63 762
27 64 787
27 65 787
27 66 812
27 67 812
27 68 837
27 69 837
27 70 862
27 71 862
27 72 887
27 73 887
27 74 912
27 75 912
27 76 937
27 77 937
27 78 962
27 79 962
27 80 987
27 81 987
27 82 1012
27 83 1012
27 84 1037
27 85 1037
27 86 1062
27 87 1062
27 88 1087
27 89 1087
27 90 1112
27 91 1112
27 92 1137
27 93 1137
27 94 1162
27 95 1162
27 96 1212
27 97 1212
27 98 1236
27 99 1236
28 2 182
28 3 182
28 4 196
28 5 196
28 6 211
28 7 211
28 8 226
28 9 226
28 10 242
28 11 242
28 12 258
28 13 258
28 14 275
28 15 275
28 16 292
28 17 292
28 18 310
28 19 310
28 20 328
28 21 328
28 22 347
28 23 347
28 24 366
28 25 366
28 26 386
28 27 386
28 28 406
28 29 406
28 30 427
28 31 427
28 32 448
28 33 448
28 34 470
28 35 470
28 36 492
28 37 492
28 38 515
28 39 515
28 40 538
28 41 538
28 42 562
28 43 562
28 44 586
28 45 586
28 46 611
28 47 611
28 48 636
28 49 636
28 50 661
28 51 661
28 52 686
28 53 686
28 54 711
28 55 711
28 56 736
28 57 736
28 58 761
28 59 761
28 60 786
28 61 786
28 62 811
28 63 811
28 64 836
28 65 836
28 66 861
28 67 861
28 68 886
28 69 886
28 70 911
28 71 911
28 72 936
28 73 936
28 74 961
28 75 961
28 76 986
28 77 986
28 78 1011
28 79 1011
28 80 1036
28 81 1036
28 82 1061
28 83 1061
28 84 1086
28 85 1086
28 86 1111
28 87 1111
28 88 1136
28 89 1136
28 90 1161
28 91 1161
28 92 1186
28 93 1186
28 94 1211
28 95 1211
28 96 1212
28 97 1212
28 98 1236
28 99 1236
29 2 182
29 3 182
29 4 196
29 5 196
29 6 211
29 7 211
29 8 226
29 9 226
29 10 242
29 11 242
29 12 258
29 13 258
29 14 275
29 15 275
29 16 292
29 17 292
29 18 310
29 19 310
29 20 328
29 21 328
29 22 347
29 23 347
29 24 366
29 25 366
29 26 386
29 27 386
29 28 406
29 29 406
29 30 427
29 31 427
29 32 448
29 33 448
29 34 470
29 35 470
29 36 492
29 37 492
29 38 515
29 39 515
29 40 538
29 41 538
29 42 562
29 43 562
29 44 586
29 45 586
29 46 611
29 47 611
29 48 636
29 49 636
29 50 661
29 51 661
29 52 686
29 53 686
29 54 711
29 55 711
29 56 736
29 57 736
29 58 761
29 59 761
29 60 786
29 61 786
29 62 811
29 63 811
29 64 836
29 65 836
29 66 861
29 67 861
29 68 886
29 69 886
29 70 911
29 71 911
29 72 936
29 73 936
29 74 961
29 75 961
29 76 986
29 77 986
29 78 1011
29 79 1011
29 80 1036
29 81 1036
29 82 1061
29 83 1061
29 84 1086
29 85 1086
29 86 1111
29 87 1111
29 88 1136
29 89 1136
29 90 1161
29 91 1161
29 92 1186
29 93 1186
29 94 1211
29 95 1211
29 96 1261
29 97 1261
29 98 1285
29 99 1285
30 2 210
30 3 210
30 4 225
30 5 225
30 6 241
30 7 241
30 8 257
30 9 257
30 10 274
30 11 274
30 12 291
30 13 291
30 14 309
30 15 309
30 16 327
30 17 327
30 18 346
30 19 346
30 20 365
30 21 365
30 22 385
30 23 385
30 24 405
30 25 405
30 26 426
30 27 426
30 28 447
30 29 447
30 30 469
30 31 469
30 32 491
30 33 491
30 34 514
30 35 514
30 36 537
30 37 537
30 38 561
30 39 561
30 40 585
30 41 585
30 42 610
30 43 610
30 44 635
30 45 635
30 46 660
30 47 660
30 48 685
30 49 685
30 50 710
30 51 710
30 52 735
30 53 735
30 54 760
30 55 760
30 56 785
30 57 785
30 58 810
30 59 810
30 60 835
30 61 835
30 62 860
30 63 860
30 64 885
30 65 885
30 66 910
30 67 910
30 68 935
30 69 935
30 70 960
30 71 960
30 72 985
30 73 985
30 74 1010
30 75 1010
30 76 1035
30 77 1035
30 78 1060
30 79 1060
30 80 1085
30 81 1085
30 82 1110
30 83 1110
30 84 1135
30 85 1135
30 86 1160
30 87 1160
30 88 1185
30 89 1185
30 90 1210
30 91 1210
30 92 1235
30 93 1235
30 94 1260
30 95 1260
30 96 1261
30 97 1261
30 98 1285
30 99 1285
31 2 210
31 3 210
31 4 225
31 5 225
31 6 241
31 7 241
31 8 257
31 9 257
31 10 274
31 11 274
31 12 291
31 13 291
31 14 309
31 15 309
31 16 327
31 17 327
31 18 346
31 19 346
31 20 365
31 21 365
31 22 385
31 23 385
31 24 405
31 25 405
31 26 426
31 27 426
31 28 447
31 29 447
31 30 469
31 31 469
31 32 491
31 33 491
31 34 514
31 35 514
31 36 537
31 37 537
31 38 561
31 39 561
31 40 585
31 41 585
31 42 610
31 43 610
31 44 635
31 45 635
31 46 660
31 47 660
31 48 685
31 49 685
31 50 710
31 51 710
31 52 735
31 53 735
31 54 760
31 55 760
31 56 785
31 57 785
31 58 810
31 59 810
31 60 835
31 61 835
31 62 860
31 63 860
31 64 885
31 65 885
31 66 910
31 67 910
31 68 935
31 69 935
31 70 960
31 71 960
31 72 985
31 73 985
31 74 1010
31 75 1010
31 76 1035
31 77 1035
31 78 1060
31 79 1060
31 80 1085
31 81 1085
31 82 1110
31 83 1110
31 84 1135
31 85 1135
31 86 1160
31 87 1160
31 88 1185
31 89 1185
31 90 1210
31 91 1210
31 92 1235
31 93 1235
31 94 1260
31 95 1260
31 96 1310
31 97 1310
31 98 1334
31 99 1334
32 2 240
32 3 240
32 4 256
32 5 256
32 6 273
32 7 273
32 8 290
32 9 290
32 10 308
32 11 308
32 12 326
32 13 326
32 14 345
32 15 345
32 16 364
32 17 364
32 18 384
32 19 384
32 20 404
32 21 404
32 22 425
32 23 425
32 24 446
32 25 446
32 26 468
32 27 468
32 28 490
32 29 490
32 30 513
32 31 513
32 32 536
32 33 536
32 34 560
32 35 560
32 36 584
32 37 584
32 38 609
32 39 609
32 40 634
32 41 634
32 42 659
32 43 659
32 44 684
32 45 684
32 46 709
32 47 709
32 48 734
32 49 734
32 50 759
32 51 759
32 52 784
32 53 784
32 54 809
32 55 809
32 56 834
32 57 834
32 58 859
32 59 859
32 60 884
32 61 884
32 62 909
32 63 909
32 64 934
32 65 934
32 66 959
32 67 959
32 68 984
32 69 984
32 70 1009
32 71 1009
32 72 1034
32 73 1034
32 74 1059
32 75 1059
32 76 1084
32 77 1084
32 78 1109
32 79 1109
32 80 1134
32 81 1134
32 82 1159
32 83 1159
32 84 1184
32 85 1184
32 86 1209
32 87 1209
32 88 1234
32 89 1234
32 90 1259
32 91 1259
32 92 1284
32 93 1284
32 94 1309
32 95 1309
32 96 1310
32 97 1310
32 98 1334
32 99 1334
33 2 240
33 3 240
33 4 256
33 5 256
33 6 273
33 7 273
33 8 290
33 9 290
33 10 308
33 11 308
33 12 326
33 13 326
33 14 345
33 15 345
33 16 364
33 17 364
33 18 384
33 19 384
33 20 404
33 21 404
33 22 425
33 23 425
33 24 446
33 25 446
33 26 468
33 27 468
33 28 490
33 29 490
33 30 513
33 31 513
33 32 536
33 33 536
33 34 560
33 35 560
33 36 584
33 37 584
33 38 609
33 39 609
33 40 634
33 41 634
33 42 659
33 43 659
33 44 684
33 45 684
33 46 709
33 47 709
33 48 734
33 49 734
33 50 759
33 51 759
33 52 784
33 53 784
33 54 809
33 55 809
33 56 834
33 57 834
33 58 859
33 59 859
33 60 884
33 61 884
33 62 909
33 63 909
33 64 934
33 65 934
33 66 959
33 67 959
33 68 984
33 69 984
33 70 1009
33 71 1009
33 72 1034
33 73 1034
33 74 1059
33 75 1059
33 76 1084
33 77 1084
33 78 1109
33 79 1109
33 80 1134
33 81 1134
33 82 1159
33 83 1159
33 84 1184
33 85 1184
33 86 1209
33 87 1209
33 88 1234
33 89 1234
33 90 1259
33 91 1259
33 92 1284
33 93 1284
33 94 1309
33 95 1309
33 96 1359
33 97 1359
33 98 1383
33 99 1383
34 2 272
34 3 272
34 4 289
34 5 289
34 6 307
34 7 307
34 8 325
34 9 325
34 10 344
34 11 344
34 12 363
34 13 363
34 14 383
34 15 383
34 16 403
34 17 403
34 18 424
34 19 424
34 20 445
34 21 445
34 22 467
34 23 467
34 24 489
34 25 489
34 26 512
34 27 512
34 28 535
34 29 535
34 30 559
34 31 559
34 32 583
34 33 583
34 34 608
34 35 608
34 36 633
34 37 633
34 38 658
34 39 658
34 40 683
34 41 683
34 42 708
34 43 708
34 44 733
34 45 733
34 46 758
34 47 758
34 48 783
34 49 783
34 50 808
34 51 808
34 52 833
34 53 833
34 54 858
34 55 858
34 56 883
34 57 883
34 58 908
34 59 908
34 60 933
34 61 933
34 62 958
34 63 958
34 64 983
34 65 983
34 66 1008
34 67 1008
34 68 1033
34 69 1033
34 70 1058
34 71 1058
34 72 1083
34 73 1083
34 74 1108
34 75 1108
34 76 1133
34 77 1133
34 78 1158
34 79 1158
34 80 1183
34 81 1183
34 82 1208
34 83 1208
34 84 1233
34 85 1233
34 86 1258
34 87 1258
34 88 1283
34 89 1283
34 90 1308
34 91 1308
34 92 1333
34 93 1333
34 94 1358
34 95 1358
34 96 1359
34 97 1359
34 98 1383
34 99 1383
35 2 272
35 3 272
35 4 289
35 5 289
35 6 307
35 7 307
35 8 325
35 9 325
35 10 344
35 11 344
35 12 363
35 13 363
35 14 383
35 15 383
35 16 403
35 17 403
35 18 424
35 19 424
35 20 445
35 21 445
35 22 467
35 23 467
35 24 489
35 25 489
35 26 512
35 27 512
35 28 535
35 29 535
35 30 559
35 31 559
35 32 583
35 33 583
35 34 608
35 35 608
35 36 633
35 37 633
35 38 658
35 39 658
35 40 683
35 41 683
35 42 708
35 43 708
35 44 733
35 45 733
35 46 758
35 47 758
35 48 783
35 49 783
35 50 808
35 51 808
35 52 833
35 53 833
35 54 858
35 55 858
35 56 883
35 57 883
35 58 908
35 59 908
35 60 933
35 61 933
35 62 958
35 63 958
35 64 983
35 65 983
35 66 1008
35 67 1008
35 68 1033
35 69 1033
35 70 1058
35 71 1058
35 72 1083
35 73 1083
35 74 1108
35 75 1108
35 76 1133
35 77 1133
35 78 1158
35 79 1158
35 80 1183
35 81 1183
35 82 1208
35 83 1208
35 84 1233
35 85 1233
35 86 1258
35 87 1258
35 88 1283
35 89 1283
35 90 1308
35 91 1308
35 92 1333
35 93 1333
35 94 1358
35 95 1358
35 96 1408
35 97 1408
35 98 1432
35 99 1432
36 2 306
36 3 306
36 4 324
36 5 324
36 6 343
36 7 343
36 8 362
36 9 362
36 10 382
36 11 382
36 12 402
36 13 402
36 14 423
36 15 423
36 16 444
36 17 444
36 18 466
36 19 466
36 20 488
36 21 488
36 22 511
36 23 511
36 24 534
36 25 534
36 26 558
36 27 558
36 28 582
36 29 582
36 30 607
36 31 607
36 32 632
36 33 632
36 34 657
36 35 657
36 36 682
36 37 682
36 38 707
36 39 707
36 40 732
36 41 732
36 42 757
36 43 757
36 44 782
36 45 782
36 46 807
36 47 807
36 48 832
36 49 832
36 50 857
36 51 857
36 52 882
36 53 882
36 54 907
36 55 907
36 56 932
36 57 932
36 58 957
36 59 957
36 60 982
36 61 982
36 62 1007
36 63 1007
36 64 1032
36 65 1032
36 66 1057
36 67 1057
36 68 1082
36 69 1082
36 70 1107
36 71 1107
36 72 1132
36 73 1132
36 74 1157
36 75 1157
36 76 1182
36 77 1182
36 78 1207
36 79 1207
36 80 1232
36 81 1232
36 82 1257
36 83 1257
36 84 1282
36 85 1282
36 86 1307
36 87 1307
36 88 1332
36 89 1332
36 90 1357
36 91 1357
36 92 1382
36 93 1382
36 94 1407
36 95 1407
36 96 1408
36 97 1408
36 98 1432
36 99 1432
37 2 306
37 3 306
37 4 324
37 5 324
37 6 343
37 7 343
37 8 362
37 9 362
37 10 382
37 11 382
37 12 402
37 13 402
37 14 423
37 15 423
37 16 444
37 17 444
37 18 466
37 19 466
37 20 488
37 21 488
37 22 511
37 23 511
37 24 534
37 25 534
37 26 558
37 27 558
37 28 582
37 29 582
37 30 607
37 31 607
37 32 632
37 33 632
37 34 657
37 35 657
37 36 682
37 37 682
37 38 707
37 39 707
37 40 732
37 41 732
37 42 757
37 43 757
37 44 782
37 45 782
37 46 807
37 47 807
37 48 832
37 49 832
37 50 857
37 51 857
37 52 882
37 53 882
37 54 907
37 55 907
37 56 932
37 57 932
37 58 957
37 59 957
37 60 982
37 61 982
37 62 1007
37 63 1007
37 64 1032
37 65 1032
37 66 1057
37 67 1057
37 68 1082
37 69 1082
37 70 1107
37 71 1107
37 72 1132
37 73 1132
37 74 1157
37 75 1157
37 76 1182
37 77 1182
37 78 1207
37 79 1207
37 80 1232
37 81 1232
37 82 1257
37 83 1257
37 84 1282
37 85 1282
37 86 1307
37 87 1307
37 88 1332
37 89 1332
37 90 1357
37 91 1357
37 92 1382
37 93 1382
37 94 1407
37 95 1407
37 96 1457
37 97 1457
37 98 1481
37 99 1481
38 2 342
38 3 342
38 4 361
38 5 361
38 6 381
38 7 381
38 8 401
38 9 401
38 10 422
38 11 422
38 12 443
38 13 443
38 14 465
38 15 465
38 16 487
38 17 487
38 18 510
38 19 510
38 20 533
38 21 533
38 22 557
38 23 557
38 24 581
38 25 581
38 26 606
38 27 606
38 28 631
38 29 631
38 30 656
38 31 656
38 32 681
38 33 681
38 34 706
38 35 706
38 36 731
38 37 731
38 38 756
38 39 756
38 40 781
38 41 781
38 42 806
38 43 806
38 44 831
38 45 831
38 46 856
38 47 856
38 48 881
38 49 881
38 50 906
38 51 906
38 52 931
38 53 931
38 54 956
38 55 956
38 56 981
38 57 981
38 58 1006
38 59 1006
38 60 1031
38 61 1031
38 62 1056
38 63 1056
38 64 1081
38 65 1081
38 66 1106
38 67 1106
38 68 1131
38 69 1131
38 70 1156
38 71 1156
38 72 1181
38 73 1181
38 74 1206
38 75 1206
38 76 1231
38 77 1231
38 78 1256
38 79 1256
38 80 1281
38 81 1281
38 82 1306
38 83 1306
38 84 1331
38 85 1331
38 86 1356
38 87 1356
38 88 1381
38 89 1381
38 90 1406
38 91 1406
38 92 1431
38 93 1431
38 94 1456
38 95 1456
38 96 1457
38 97 1457
38 98 1481
38 99 1481
39 2 342
39 3 342
39 4 361
39 5 361
39 6 381
39 7 381
39 8 401
39 9 401
39 10 422
39 11 422
39 12 443
39 13 443
39 14 465
39 15 465
39 16 487
39 17 487
39 18 510
39 19 510
39 20 533
39 21 533
39 22 557
39 23 557
39 24 581
39 25 581
39 26 606
39 27 606
39 28 631
39 29 631
39 30 656
39 31 656
39 32 681
39 33 681
39 34 706
39 35 706
39 36 731
39 37 731
39 38 756
39 39 756
39 40 781
39 41 781
39 42 806
39 43 806
39 44 831
39 45 831
39 46 856
39 47 856
39 48 881
39 49 881
39 50 906
39 51 906
39 52 931
39 53 931
39 54 956
39 55 956
39 56 981
39 57 981
39 58 1006
39 59 1006
39 60 1031
39 61 1031
39 62 1056
39 63 1056
39 64 1081
39 65 1081
39 66 1106
39 67 1106
39 68 1131
39 69 1131
39 70 1156
39 71 1156
39 72 1181
39 73 1181
39 74 1206
39 75 1206
39 76 1231
39 77 1231
39 78 1256
39 79 1256
39 80 1281
39 81 1281
39 82 1306
39 83 1306
39 84 1331
39 85 1331
39 86 1356
39 87 1356
39 88 1381
39 89 1381
39 90 1406
39 91 1406
39 92 1431
39 93 1431
39 94 1456
39 95 1456
39 96 1506
39 97 1506
39 98 1530
39 99 1530
40 2 380
40 3 380
40 4 400
40 5 400
40 6 421
40 7 421
40 8 442
40 9 442
40 10 464
40 11 464
40 12 486
40 13 486
40 14 509
40 15 509
40 16 532
40 17 532
40 18 556
40 19 556
40 20 580
40 21 580
40 22 605
40 23 605
40 24 630
40 25 630
40 26 655
40 27 655
40 28 680
40 29 680
40 30 705
40 31 705
40 32 730
40 33 730
40 34 755
40 35 755
40 36 780
40 37 780
40 38 805
40 39 805
40 40 830
40 41 830
40 42 855
40 43 855
40 44 880
40 45 880
40 46 905
40 47 905
40 48 930
40 49 930
40 50 955
40 51 955
40 52 980
40 53 980
40 54 1005
40 55 1005
40 56 1030
40 57 1030
40 58 1055
40 59 1055
40 60 1080
40 61 1080
40 62 1105
40 63 1105
40 64 1130
40 65 1130
40 66 1155
40 67 1155
40 68 1180
40 69 1180
40 70 1205
40 71 1205
40 72 1230
40 73 1230
40 74 1255
40 75 1255
40 76 1280
40 77 1280
40 78 1305
40 79 1305
40 80 1330
40 81 1330
40 82 1355
40 83 1355
40 84 1380
40 85 1380
40 86 1405
40 87 1405
40 88 1430
40 89 1430
40 90 1455
40 91 1455
40 92 1480
40 93 1480
40 94 1505
40 95 1505
40 96 1506
40 97 1506
40 98 1530
40 99 1530
41 2 380
41 3 380
41 4 400
41 5 400
41 6 421
41 7 421
41 8 442
41 9 442
41 10 464
41 11 464
41 12 486
41 13 486
41 14 509
41 15 509
41 16 532
41 17 532
41 18 556
41 19 556
41 20 580
41 21 580
41 22 605
41 23 605
41 24 630
41 25 630
41 26 655
41 27 655
41 28 680
41 29 680
41 30 705
41 31 705
41 32 730
41 33 730
41 34 755
41 35 755
41 36 780
41 37 780
41 38 805
41 39 805
41 40 830
41 41 830
41 42 855
41 43 855
41 44 880
41 45 880
41 46 905
41 47 905
41 48 930
41 49 930
41 50 955
41 51 955
41 52 980
41 53 980
41 54 1005
41 55 1005
41 56 1030
41 57 1030
41 58 1055
41 59 1055
41 60 1080
41 61 1080
41 62 1105
41 63 1105
41 64 1130
41 65 1130
41 66 1155
41 67 1155
41 68 1180
41 69 1180
41 70 1205
41 71 1205
41 72 1230
41 73 1230
41 74 1255
41 75 1255
41 76 1280
41 77 1280
41 78 1305
41 79 1305
41 80 1330
41 81 1330
41 82 1355
41 83 1355
41 84 1380
41 85 1380
41 86 1405
41 87 1405
41 88 1430
41 89 1430
41 90 1455
41 91 1455
41 92 1480
41 93 1480
41 94 1505
41 95 1505
41 96 1555
41 97 1555
41 98 1579
41 99 1579
42 2 420
42 3 420
42 4 441
42 5 441
42 6 463
42 7 463
42 8 485
42 9 485
42 10 508
42 11 508
42 12 531
42 13 531
42 14 555
42 15 555
42 16 579
42 17 579
42 18 604
42 19 604
42 20 629
42 21 629
42 22 654
42 23 654
42 24 679
42 25 679
42 26 704
42 27 704
42 28 729
42 29 729
42 30 754
42 31 754
42 32 779
42 33 779
42 34 804
42 35 804
42 36 829
42 37 829
42 38 854
42 39 854
42 40 879
42 41 879
42 42 904
42 43 904
42 44 929
42 45 929
42 46 954
42 47 954
42 48 979
42 49 979
42 50 1004
42 51 1004
42 52 1029
42 53 1029
42 54 1054
42 55 1054
42 56 1079
42 57 1079
42 58 1104
42 59 1104
42 60 1129
42 61 1129
42 62 1154
42 63 1154
42 64 1179
42 65 1179
42 66 1204
42 67 1204
42 68 1229
42 69 1229
42 70 1254
42 71 1254
42 72 1279
42 73 1279
42 74 1304
42 75 1304
42 76 1329
42 77 1329
42 78 1354
42 79 1354
42 80 1379
42 81 1379
42 82 1404
42 83 1404
42 84 1429
42 85 1429
42 86 1454
42 87 1454
42 88 1479
42 89 1479
42 90 1504
42 91 1504
42 92 1529
42 93 1529
42 94 1554
42 95 1554
42 96 1555
42 97 1555
42 98 1579
42 99 1579
43 2 420
43 3 420
43 4 441
43 5 441
43 6 463
43 7 463
43 8 485
43 9 485
43 10 508
43 11 508
43 12 531
43 13 531
43 14 555
43 15 555
43 16 579
43 17 579
43 18 604
43 19 604
43 20 629
43 21 629
43 22 654
43 23 654
43 24 679
43 25 679
43 26 704
43 27 704
43 28 729
43 29 729
43 30 754
43 31 754
43 32 779
43 33 779
43 34 804
43 35 804
43 36 829
43 37 829
43 38 854
43 39 854
43 40 879
43 41 879
43 42 904
43 43 904
43 44 929
43 45 929
43 46 954
43 47 954
43 48 979
43 49 979
43 50 1004
43 51 1004
43 52 1029
43 53 1029
43 54 1054
43 55 1054
43 56 1079
43 57 1079
43 58 1104
43 59 1104
43 60 1129
43 61 1129
43 62 1154
43 63 1154
43 64 1179
43 65 1179
43 66 1204
43 67 1204
43 68 1229
43 69 1229
43 70 1254
43 71 1254
43 72 1279
43 73 1279
43 74 1304
43 75 1304
43 76 1329
43 77 1329
43 78 1354
43 79 1354
43 80 1379
43 81 1379
43 82 1404
43 83 1404
43 84 1429
43 85 1429
43 86 1454
43 87 1454
43 88 1479
43 89 1479
43 90 1504
43 91 1504
43 92 1529
43 93 1529
43 94 1554
43 95 1554
43 96 1604
43 97 1604
43 98 1628
43 99 1628
44 2 462
44 3 462
44 4 484
44 5 484
44 6 507
44 7 507
44 8 530
44 9 530
44 10 554
44 11 554
44 12 578
44 13 578
44 14 603
44 15 603
44 16 628
44 17 628
44 18 653
44 19 653
44 20 678
44 21 678
44 22 703
44 23 703
44 24 728
44 25 728
44 26 753
44 27 753
44 28 778
44 29 778
44 30 803
44 31 803
44 32 828
44 33 828
44 34 853
44 35 853
44 36 878
44 37 878
44 38 903
44 39 903
44 40 928
44 41 928
44 42 953
44 43 953
44 44 978
44 45 978
44 46 1003
44 47 1003
44 48 1028
44 49 1028
44 50 1053
44 51 1053
44 52 1078
44 53 1078
44 54 1103
44 55 1103
44 56 1128
44 57 1128
44 58 1153
44 59 1153
44 60 1178
44 61 1178
44 62 1203
44 63 1203
44 64 1228
44 65 1228
44 66 1253
44 67 1253
44 68 1278
44 69 1278
44 70 1303
44 71 1303
44 72 1328
44 73 1328
44 74 1353
44 75 1353
44 76 1378
44 77 1378
44 78 1403
44 79 1403
44 80 1428
44 81 1428
44 82 1453
44 83 1453
44 84 1478
44 85 1478
44 86 1503
44 87 1503
44 88 1528
44 89 1528
44 90 1553
44 91 1553
44 92 1578
44 93 1578
44 94 1603
44 95 1603
44 96 1604
44 97 1604
44 98 1628
44 99 1628
45 2 462
45 3 462
45 4 484
45 5 484
45 6 507
45 7 507
45 8 530
45 9 530
45 10 554
45 11 554
45 12 578
45 13 578
45 14 603
45 15 603
45 16 628
45 17 628
45 18 653
45 19 653
45 20 678
45 21 678
45 22 703
45 23 703
45 24 728
45 25 728
45 26 753
45 27 753
45 28 778
45 29 778
45 30 803
45 31 803
45 32 828
45 33 828
45 34 853
45 35 853
45 36 878
45 37 878
45 38 903
45 39 903
45 40 928
45 41 928
45 42 953
45 43 953
45 44 978
45 45 978
45 46 1003
45 47 1003
45 48 1028
45 49 1028
45 50 1053
45 51 1053
45 52 1078
45 53 1078
45 54 1103
45 55 1103
45 56 1128
45 57 1128
45 58 1153
45 59 1153
45 60 1178
45 61 1178
45 62 1203
45 63 1203
45 64 1228
45 65 1228
45 66 1253
45 67 1253
45 68 1278
45 69 1278
45 70 1303
45 71 1303
45 72 1328
45 73 1328
45 74 1353
45 75 1353
45 76 1378
45 77 1378
45 78 1403
45 79 1403
45 80 1428
45 81 1428
45 82 1453
45 83 1453
45 84 1478
45 85 1478
45 86 1503
45 87 1503
45 88 1528
45 89 1528
45 90 1553
45 91 1553
45 92 1578
45 93 1578
45 94 1603
45 95 1603
45 96 1653
45 97 1653
45 98 1677
45 99 1677
46 2 506
46 3 506
46 4 529
46 5 529
46 6 553
46 7 553
46 8 577
46 9 577
46 10 602
46 11 602
46 12 627
46 13 627
46 14 652
46 15 652
46 16 677
46 17 677
46 18 702
46 19 702
46 20 727
46 21 727
46 22 752
46 23 752
46 24 777
46 25 777
46 26 802
46 27 802
46 28 827
46 29 827
46 30 852
46 31 852
46 32 877
46 33 877
46 34 902
46 35 902
46 36 927
46 37 927
46 38 952
46 39 952
46 40 977
46 41 977
46 42 1002
46 43 1002
46 44 1027
46 45 1027
46 46 1052
46 47 1052
46 48 1077
46 49 1077
46 50 1102
46 51 1102
46 52 1127
46 53 1127
46 54 1152
46 55 1152
46 56 1177
46 57 1177
46 58 1202
46 59 1202
46 60 1227
46 61 1227
46 62 1252
46 63 1252
46 64 1277
46 65 1277
46 66 1302
46 67 1302
46 68 1327
46 69 1327
46 70 1352
46 71 1352
46 72 1377
46 73 1377
46 74 1402
46 75 1402
46 76 1427
46 77 1427
46 78 1452
46 79 1452
46 80 1477
46 81 1477
46 82 1502
46 83 1502
46 84 1527
46 85 1527
46 86 1552
46 87 1552
46 88 1577
46 89 1577
46 90 1602
46 91 1602
46 92 1627
46 93 1627
46 94 1652
46 95 1652
46 96 1653
46 97 1653
46 98 1677
46 99 1677
47 2 506
47 3 506
47 4 529
47 5 529
47 6 553
47 7 553
47 8 577
47 9 577
47 10 602
47 11 602
47 12 627
47 13 627
47 14 652
47 15 652
47 16 677
47 17 677
47 18 702
47 19 702
47 20 727
47 21 727
47 22 752
47 23 752
47 24 777
47 25 777
47 26 802
47 27 802
47 28 827
47 29 827
47 30 852
47 31 852
47 32 877
47 33 877
47 34 902
47 35 902
47 36 927
47 37 927
47 38 952
47 39 952
47 40 977
47 41 977
47 42 1002
47 43 1002
47 44 1027
47 45 1027
47 46 1052
47 47 1052
47 48 1077
47 49 1077
47 50 1102
47 51 1102
47 52 1127
47 53 1127
47 54 1152
47 55 1152
47 56 1177
47 57 1177
47 58 1202
47 59 1202
47 60 1227
47 61 1227
47 62 1252
47 63 1252
47 64 1277
47 65 1277
47 66 1302
47 67 1302
47 68 1327
47 69 1327
47 70 1352
47 71 1352
47 72 1377
47 73 1377
47 74 1402
47 75 1402
47 76 1427
47 77 1427
47 78 1452
47 79 1452
47 80 1477
47 81 1477
47 82 1502
47 83 1502
47 84 1527
47 85 1527
47 86 1552
47 87 1552
47 88 1577
47 89 1577
47 90 1602
47 91 1602
47 92 1627
47 93 1627
47 94 1652
47 95 1652
47 96 1702
47 97 1702
47 98 1726
47 99 1726
48 2 552
48 3 552
48 4 576
48 5 576
48 6 601
48 7 601
48 8 626
48 9 626
48 10 651
48 11 651
48 12 676
48 13 676
48 14 701
48 15 701
48 16 726
48 17 726
48 18 751
48 19 751
48 20 776
48 21 776
48 22 801
48 23 801
48 24 826
48 25 826
48 26 851
48 27 851
48 28 876
48 29 876
48 30 901
48 31 901
48 32 926
48 33 926
48 34 951
48 35 951
48 36 976
48 37 976
48 38 1001
48 39 1001
48 40 1026
48 41 1026
48 42 1051
48 43 1051
48 44 1076
48 45 1076
48 46 1101
48 47 1101
48 48 1126
48 49 1126
48 50 1151
48 51 1151
48 52 1176
48 53 1176
48 54 1201
48 55 1201
48 56 1226
48 57 1226
48 58 1251
48 59 1251
48 60 1276
48 61 1276
48 62 1301
48 63 1301
48 64 1326
48 65 1326
48 66 1351
48 67 1351
48 68 1376
48 69 1376
48 70 1401
48 71 1401
48 72 1426
48 73 1426
48 74 1451
48 75 1451
48 76 1476
48 77 1476
48 78 1501
48 79 1501
48 80 1526
48 81 1526
48 82 1551
48 83 1551
48 84 1576
48 85 1576
48 86 1601
48 87 1601
48 88 1626
48 89 1626
48 90 1651
48 91 1651
48 92 1676
48 93 1676
48 94 1701
48 95 1701
48 96 1702
48 97 1702
48 98 1726
48 99 1726
49 2 552
49 3 552
49 4 576
49 5 576
49 6 601
49 7 601
49 8 626
49 9 626
49 10 651
49 11 651
49 12 676
49 13 676
49 14 701
49 15 701
49 16 726
49 17 726
49 18 751
49 19 751
49 20 776
49 21 776
49 22 801
49 23 801
49 24 826
49 25 826
49 26 851
49 27 851
49 28 876
49 29 876
49 30 901
49 31 901
49 32 926
49 33 926
49 34 951
49 35 951
49 36 976
49 37 976
49 38 1001
49 39 1001
49 40 1026
49 41 1026
49 42 1051
49 43 1051
49 44 1076
49 45 1076
49 46 1101
49 47 1101
49 48 1126
49 49 1126
49 50 1151
49 51 1151
49 52 1176
49 53 1176
49 54 1201
49 55 1201
49 56 1226
49 57 1226
49 58 1251
49 59 1251
49 60 1276
49 61 1276
49 62 1301
49 63 1301
49 64 1326
49 65 1326
49 66 1351
49 67 1351
49 68 1376
49 69 1376
49 70 1401
49 71 1401
49 72 1426
49 73 1426
49 74 1451
49 75 1451
49 76 1476
49 77 1476
49 78 1501
49 79 1501
49 80 1526
49 81 1526
49 82 1551
49 83 1551
49 84 1576
49 85 1576
49 86 1601
49 87 1601
49 88 1626
49 89 1626
49 90 1651
49 91 1651
49 92 1676
49 93 1676
49 94 1701
49 95 1701
49 96 1751
49 97 1751
49 98 1775
49 99 1775
50 2 600
50 3 600
50 4 625
50 5 625
50 6 650
50 7 650
50 8 675
50 9 675
50 10 700
50 11 700
50 12 725
50 13 725
50 14 750
50 15 750
50 16 775
50 17 775
50 18 800
50 19 800
50 20 825
50 21 825
50 22 850
50 23 850
50 24 875
50 25 875
50 26 900
50 27 900
50 28 925
50 29 925
50 30 950
50 31 950
50 32 975
50 33 975
50 34 1000
50 35 1000
50 36 1025
50 37 1025
50 38 1050
50 39 1050
50 40 1075
50 41 1075
50 42 1100
50 43 1100
50 44 1125
50 45 1125
50 46 1150
50 47 1150
50 48 1175
50 49 1175
50 50 1200
50 51 1200
50 52 1225
50 53 1225
50 54 1250
50 55 1250
50 56 1275
50 57 1275
50 58 1300
50 59 1300
50 60 1325
50 61 1325
50 62 1350
50 63 1350
50 64 1375
50 65 1375
50 66 1400
50 67 1400
50 68 1425
50 69 1425
50 70 1450
50 71 1450
50 72 1475
50 73 1475
50 74 1500
50 75 1500
50 76 1525
50 77 1525
50 78 1550
50 79 1550
50 80 1575
50 81 1575
50 82 1600
50 83 1600
50 84 1625
50 85 1625
50 86 1650
50 87 1650
50 88 1675
50 89 1675
50 90 1700
50 91 1700
50 92 1725
50 93 1725
50 94 1750
50 95 1750
50 96 1751
50 97 1751
50 98 1775
50 99 1775
51 2 600
51 3 600
51 4 625
51 5 625
51 6 650
51 7 650
51 8 675
51 9 675
51 10 700
51 11 700
51 12 725
51 13 725
51 14 750
51 15 750
51 16 775
51 17 775
51 18 800
51 19 800
51 20 825
51 21 825
51 22 850
51 23 850
51 24 875
51 25 875
51 26 900
51 27 900
51 28 925
51 29 925
51 30 950
51 31 950
51 32 975
51 33 975
51 34 1000
51 35 1000
51 36 1025
51 37 1025
51 38 1050
51 39 1050
51 40 1075
51 41 1075
51 42 1100
51 43 1100
51 44 1125
51 45 1125
51 46 1150
51 47 1150
51 48 1175
51 49 1175
51 50 1200
51 51 1200
51 52 1225
51 53 1225
51 54 1250
51 55 1250
51 56 1275
51 57 1275
51 58 1300
51 59 1300
51 60 1325
51 61 1325
51 62 1350
51 63 1350
51 64 1375
51 65 1375
51 66 1400
51 67 1400
51 68 1425
51 69 1425
51 70 1450
51 71 1450
51 72 1475
51 73 1475
51 74 1500
51 75 1500
51 76 1525
51 77 1525
51 78 1550
51 79 1550
51 80 1575
51 81 1575
51 82 1600
51 83 1600
51 84 1625
51 85 1625
51 86 1650
51 87 1650
51 88 1675
51 89 1675
51 90 1700
51 91 1700
51 92 1725
51 93 1725
51 94 1750
51 95 1750
51 96 1800
51 97 1800
51 98 1824
51 99 1824
52 2 649
52 3 649
52 4 674
52 5 674
52 6 699
52 7 699
52 8 724
52 9 724
52 10 749
52 11 749
52 12 774
52 13 774
52 14 799
52 15 799
52 16 824
52 17 824
52 18 849
52 19 849
52 20 874
52 21 874
52 22 899
52 23 899
52 24 924
52 25 924
52 26 949
52 27 949
52 28 974
52 29 974
52 30 999
52 31 999
52 32 1024
52 33 1024
52 34 1049
52 35 1049
52 36 1074
52 37 1074
52 38 1099
52 39 1099
52 40 1124
52 41 1124
52 42 1149
52 43 1149
52 44 1174
52 45 1174
52 46 1199
52 47 1199
52 48 1224
52 49 1224
52 50 1249
52 51 1249
52 52 1274
52 53 1274
52 54 1299
52 55 1299
52 56 1324
52 57 1324
52 58 1349
52 59 1349
52 60 1374
52 61 1374
52 62 1399
52 63 1399
52 64 1424
52 65 1424
52 66 1449
52 67 1449
52 68 1474
52 69 1474
52 70 1499
52 71 1499
52 72 1524
52 73 1524
52 74 1549
52 75 1549
52 76 1574
52 77 1574
52 78 1599
52 79 1599
52 80 1624
52 81 1624
52 82 1649
52 83 1649
52 84 1674
52 85 1674
52 86 1699
52 87 1699
52 88 1724
52 89 1724
52 90 1749
52 91 1749
52 92 1774
52 93 1774
52 94 1799
52 95 1799
52 96 1800
52 97 1800
52 98 1824
52 99 1824
53 2 649
53 3 649
53 4 674
53 5 674
53 6 699
53 7 699
53 8 724
53 9 724
53 10 749
53 11 749
53 12 774
53 13 774
53 14 799
53 15 799
53 16 824
53 17 824
53 18 849
53 19 849
53 20 874
53 21 874
53 22 899
53 23 899
53 24 924
53 25 924
53 26 949
53 27 949
53 28 974
53 29 974
53 30 999
53 31 999
53 32 1024
53 33 1024
53 34 1049
53 35 1049
53 36 1074
53 37 1074
53 38 1099
53 39 1099
53 40 1124
53 41 1124
53 42 1149
53 43 1149
53 44 1174
53 45 1174
53 46 1199
53 47 1199
53 48 1224
53 49 1224
53 50 1249
53 51 1249
53 52 1274
53 53 1274
53 54 1299
53 55 1299
53 56 1324
53 57 1324
53 58 1349
53 59 1349
53 60 1374
53 61 1374
53 62 1399
53 63 1399
53 64 1424
53 65 1424
53 66 1449
53 67 1449
53 68 1474
53 69 1474
53 70 1499
53 71 1499
53 72 1524
53 73 1524
53 74 1549
53 75 1549
53 76 1574
53 77 1574
53 78 1599
53 79 1599
53 80 1624
53 81 1624
53 82 1649
53 83 1649
53 84 1674
53 85 1674
53 86 1699
53 87 1699
53 88 1724
53 89 1724
53 90 1749
53 91 1749
53 92 1774
53 93 1774
53 94 1799
53 95 1799
53 96 1848
53 97 1848
53 98 1871
53 99 1871
54 2 698
54 3 698
54 4 723
54 5 723
54 6 748
54 7 748
54 8 773
54 9 773
54 10 798
54 11 798
54 12 823
54 13 823
54 14 848
54 15 848
54 16 873
54 17 873
54 18 898
54 19 898
54 20 923
54 21 923
54 22 948
54 23 948
54 24 973
54 25 973
54 26 998
54 27 998
54 28 1023
54 29 1023
54 30 1048
54 31 1048
54 32 1073
54 33 1073
54 34 1098
54 35 1098
54 36 1123
54 37 1123
54 38 1148
54 39 1148
54 40 1173
54 41 1173
54 42 1198
54 43 1198
54 44 1223
54 45 1223
54 46 1248
54 47 1248
54 48 1273
54 49 1273
54 50 1298
54 51 1298
54 52 1323
54 53 1323
54 54 1348
54 55 1348
54 56 1373
54 57 1373
54 58 1398
54 59 1398
54 60 1423
54 61 1423
54 62 1448
54 63 1448
54 64 1473
54 65 1473
54 66 1498
54 67 1498
54 68 1523
54 69 1523
54 70 1548
54 71 1548
54 72 1573
54 73 1573
54 74 1598
54 75 1598
54 76 1623
54 77 1623
54 78 1648
54 79 1648
54 80 1673
54 81 1673
54 82 1698
54 83 1698
54 84 1723
54 85 1723
54 86 1748
54 87 1748
54 88 1773
54 89 1773
54 90 1798
54 91 1798
54 92 1823
54 93 1823
54 94 1847
54 95 1847
54 96 1848
54 97 1848
54 98 1871
54 99 1871
55 2 698
55 3 698
55 4 723
55 5 723
55 6 748
55 7 748
55 8 773
55 9 773
55 10 798
55 11 798
55 12 823
55 13 823
55 14 848
55 15 848
55 16 873
55 17 873
55 18 898
55 19 898
55 20 923
55 21 923
55 22 948
55 23 948
55 24 973
55 25 973
55 26 998
55 27 998
55 28 1023
55 29 1023
55 30 1048
55 31 1048
55 32 1073
55 33 1073
55 34 1098
55 35 1098
55 36 1123
55 37 1123
55 38 1148
55 39 1148
55 40 1173
55 41 1173
55 42 1198
55 43 1198
55 44 1223
55 45 1223
55 46 1248
55 47 1248
55 48 1273
55 49 1273
55 50 1298
55 51 1298
55 52 1323
55 53 1323
55 54 1348
55 55 1348
55 56 1373
55 57 1373
55 58 1398
55 59 1398
55 60 1423
55 61 1423
55 62 1448
55 63 1448
55 64 1473
55 65 1473
55 66 1498
55 67 1498
55 68 1523
55 69 1523
55 70 1548
55 71 1548
55 72 1573
55 73 1573
55 74 1598
55 75 1598
55 76 1623
55 77 1623
55 78 1648
55 79 1648
55 80 1673
55 81 1673
55 82 1698
55 83 1698
55 84 1723
55 85 1723
55 86 1748
55 87 1748
55 88 1773
55 89 1773
55 90 1798
55 91 1798
55 92 1823
55 93 1823
55 94 1847
55 95 1847
55 96 1894
55 97 1894
55 98 1916
55 99 1916
56 2 747
56 3 747
56 4 772
56 5 772
56 6 797
56 7 797
56 8 822
56 9 822
56 10 847
56 11 847
56 12 872
56 13 872
56 14 897
56 15 897
56 16 922
56 17 922
56 18 947
56 19 947
56 20 972
56 21 972
56 22 997
56 23 997
56 24 1022
56 25 1022
56 26 1047
56 27 1047
56 28 1072
56 29 1072
56 30 1097
56 31 1097
56 32 1122
56 33 1122
56 34 1147
56 35 1147
56 36 1172
56 37 1172
56 38 1197
56 39 1197
56 40 1222
56 41 1222
56 42 1247
56 43 1247
56 44 1272
56 45 1272
56 46 1297
56 47 1297
56 48 1322
56 49 1322
56 50 1347
56 51 1347
56 52 1372
56 53 1372
56 54 1397
56 55 1397
56 56 1422
56 57 1422
56 58 1447
56 59 1447
56 60 1472
56 61 1472
56 62 1497
56 63 1497
56 64 1522
56 65 1522
56 66 1547
56 67 1547
56 68 1572
56 69 1572
56 70 1597
56 71 1597
56 72 1622
56 73 1622
56 74 1647
56 75 1647
56 76 1672
56 77 1672
56 78 1697
56 79 1697
56 80 1722
56 81 1722
56 82 1747
56 83 1747
56 84 1772
56 85 1772
56 86 1797
56 87 1797
56 88 1822
56 89 1822
56 90 1846
56 91 1846
56 92 1870
56 93 1870
56 94 1893
56 95 1893
56 96 1894
56 97 1894
56 98 1916
56 99 1916
57 2 747
57 3 747
57 4 772
57 5 772
57 6 797
57 7 797
57 8 822
57 9 822
57 10 847
57 11 847
57 12 872
57 13 872
57 14 897
57 15 897
57 16 922
57 17 922
57 18 947
57 19 947
57 20 972
57 21 972
57 22 997
57 23 997
57 24 1022
57 25 1022
57 26 1047
57 27 1047
57 28 1072
57 29 1072
57 30 1097
57 31 1097
57 32 1122
57 33 1122
57 34 1147
57 35 1147
57 36 1172
57 37 1172
57 38 1197
57 39 1197
57 40 1222
57 41 1222
57 42 1247
57 43 1247
57 44 1272
57 45 1272
57 46 1297
57 47 1297
57 48 1322
57 49 1322
57 50 1347
57 51 1347
57 52 1372
57 53 1372
57 54 1397
57 55 1397
57 56 1422
57 57 1422
57 58 1447
57 59 1447
57 60 1472
57 61 1472
57 62 1497
57 63 1497
57 64 1522
57 65 1522
57 66 1547
57 67 1547
57 68 1572
57 69 1572
57 70 1597
57 71 1597
57 72 1622
57 73 1622
57 74 1647
57 75 1647
57 76 1672
57 77 1672
57 78 1697
57 79 1697
57 80 1722
57 81 1722
57 82 1747
57 83 1747
57 84 1772
57 85 1772
57 86 1797
57 87 1797
57 88 1822
57 89 1822
57 90 1846
57 91 1846
57 92 1870
57 93 1870
57 94 1893
57 95 1893
57 96 1938
57 97 1938
57 98 1959
57 99 1959
58 2 796
58 3 796
58 4 821
58 5 821
58 6 846
58 7 846
58 8 871
58 9 871
58 10 896
58 11 896
58 12 921
58 13 921
58 14 946
58 15 946
58 16 971
58 17 971
58 18 996
58 19 996
58 20 1021
58 21 1021
58 22 1046
58 23 1046
58 24 1071
58 25 1071
58 26 1096
58 27 1096
58 28 1121
58 29 1121
58 30 1146
58 31 1146
58 32 1171
58 33 1171
58 34 1196
58 35 1196
58 36 1221
58 37 1221
58 38 1246
58 39 1246
58 40 1271
58 41 1271
58 42 1296
58 43 1296
58 44 1321
58 45 1321
58 46 1346
58 47 1346
58 48 1371
58 49 1371
58 50 1396
58 51 1396
58 52 1421
58 53 1421
58 54 1446
58 55 1446
58 56 1471
58 57 1471
58 58 1496
58 59 1496
58 60 1521
58 61 1521
58 62 1546
58 63 1546
58 64 1571
58 65 1571
58 66 1596
58 67 1596
58 68 1621
58 69 1621
58 70 1646
58 71 1646
58 72 1671
58 73 1671
58 74 1696
58 75 1696
58 76 1721
58 77 1721
58 78 1746
58 79 1746
58 80 1771
58 81 1771
58 82 1796
58 83 1796
58 84 1821
58 85 1821
58 86 1845
58 87 1845
58 88 1869
58 89 1869
58 90 1892
58 91 1892
58 92 1915
58 93 1915
58 94 1937
58 95 1937
58 96 1938
58 97 1938
58 98 1959
58 99 1959
59 2 796
59 3 796
59 4 821
59 5 821
59 6 846
59 7 846
59 8 871
59 9 871
59 10 896
59 11 896
59 12 921
59 13 921
59 14 946
59 15 946
59 16 971
59 17 971
59 18 996
59 19 996
59 20 1021
59 21 1021
59 22 1046
59 23 1046
59 24 1071
59 25 1071
59 26 1096
59 27 1096
59 28 1121
59 29 1121
59 30 1146
59 31 1146
59 32 1171
59 33 1171
59 34 1196
59 35 1196
59 36 1221
59 37 1221
59 38 1246
59 39 1246
59 40 1271
59 41 1271
59 42 1296
59 43 1296
59 44 1321
59 45 1321
59 46 1346
59 47 1346
59 48 1371
59 49 1371
59 50 1396
59 51 1396
59 52 1421
59 53 1421
59 54 1446
59 55 1446
59 56 1471
59 57 1471
59 58 1496
59 59 1496
59 60 1521
59 61 1521
59 62 1546
59 63 1546
59 64 1571
59 65 1571
59 66 1596
59 67 1596
59 68 1621
59 69 1621
59 70 1646
59 71 1646
59 72 1671
59 73 1671
59 74 1696
59 75 1696
59 76 1721
59 77 1721
59 78 1746
59 79 1746
59 80 1771
59 81 1771
59 82 1796
59 83 1796
59 84 1821
59 85 1821
59 86 1845
59 87 1845
59 88 1869
59 89 1869
59 90 1892
59 91 1892
59 92 1915
59 93 1915
59 94 1937
59 95 1937
59 96 1980
59 97 1980
59 98 2000
59 99 2000
60 2 845
60 3 845
60 4 870
60 5 870
60 6 895
60 7 895
60 8 920
60 9 920
60 10 945
60 11 945
60 12 970
60 13 970
60 14 995
60 15 995
60 16 1020
60 17 1020
60 18 1045
60 19 1045
60 20 1070
60 21 1070
60 22 1095
60 23 1095
60 24 1120
60 25 1120
60 26 1145
60 27 1145
60 28 1170
60 29 1170
60 30 1195
60 31 1195
60 32 1220
60 33 1220
60 34 1245
60 35 1245
60 36 1270
60 37 1270
60 38 1295
60 39 1295
60 40 1320
60 41 1320
60 42 1345
60 43 1345
60 44 1370
60 45 1370
60 46 1395
60 47 1395
60 48 1420
60 49 1420
60 50 1445
60 51 1445
60 52 1470
60 53 1470
60 54 1495
60 55 1495
60 56 1520
60 57 1520
60 58 1545
60 59 1545
60 60 1570
60 61 1570
60 62 1595
60 63 1595
60 64 1620
60 65 1620
60 66 1645
60 67 1645
60 68 1670
60 69 1670
60 70 1695
60 71 1695
60 72 1720
60 73 1720
60 74 1745
60 75 1745
60 76 1770
60 77 1770
60 78 1795
60 79 1795
60 80 1820
60 81 1820
60 82 1844
60 83 1844
60 84 1868
60 85 1868
60 86 1891
60 87 1891
60 88 1914
60 89 1914
60 90 1936
60 91 1936
60 92 1958
60 93 1958
60 94 1979
60 95 1979
60 96 1980
60 97 1980
60 98 2000
60 99 2000
61 2 845
61 3 845
61 4 870
61 5 870
61 6 895
61 7 895
61 8 920
61 9 920
61 10 945
61 11 945
61 12 970
61 13 970
61 14 995
61 15 995
61 16 1020
61 17 1020
61 18 1045
61 19 1045
61 20 1070
61 21 1070
61 22 1095
61 23 1095
61 24 1120
61 25 1120
61 26 1145
61 27 1145
61 28 1170
61 29 1170
61 30 1195
61 31 1195
61 32 1220
61 33 1220
61 34 1245
61 35 1245
61 36 1270
61 37 1270
61 38 1295
61 39 1295
61 40 1320
61 41 1320
61 42 1345
61 43 1345
61 44 1370
61 45 1370
61 46 1395
61 47 1395
61 48 1420
61 49 1420
61 50 1445
61 51 1445
61 52 1470
61 53 1470
61 54 1495
61 55 1495
61 56 1520
61 57 1520
61 58 1545
61 59 1545
61 60 1570
61 61 1570
61 62 1595
61 63 1595
61 64 1620
61 65 1620
61 66 1645
61 67 1645
61 68 1670
61 69 1670
61 70 1695
61 71 1695
61 72 1720
61 73 1720
61 74 1745
61 75 1745
61 76 1770
61 77 1770
61 78 1795
61 79 1795
61 80 1820
61 81 1820
61 82 1844
61 83 1844
61 84 1868
61 85 1868
61 86 1891
61 87 1891
61 88 1914
61 89 1914
61 90 1936
61 91 1936
61 92 1958
61 93 1958
61 94 1979
61 95 1979
61 96 2020
61 97 2020
61 98 2039
61 99 2039
62 2 894
62 3 894
62 4 919
62 5 919
62 6 944
62 7 944
62 8 969
62 9 969
62 10 994
62 11 994
62 12 1019
62 13 1019
62 14 1044
62 15 1044
62 16 1069
62 17 1069
62 18 1094
62 19 1094
62 20 1119
62 21 1119
62 22 1144
62 23 1144
62 24 1169
62 25 1169
62 26 1194
62 27 1194
62 28 1219
62 29 1219
62 30 1244
62 31 1244
62 32 1269
62 33 1269
62 34 1294
62 35 1294
62 36 1319
62 37 1319
62 38 1344
62 39 1344
62 40 1369
62 41 1369
62 42 1394
62 43 1394
62 44 1419
62 45 1419
62 46 1444
62 47 1444
62 48 1469
62 49 1469
62 50 1494
62 51 1494
62 52 1519
62 53 1519
62 54 1544
62 55 1544
62 56 1569
62 57 1569
62 58 1594
62 59 1594
62 60 1619
62 61 1619
62 62 1644
62 63 1644
62 64 1669
62 65 1669
62 66 1694
62 67 1694
62 68 1719
62 69 1719
62 70 1744
62 71 1744
62 72 1769
62 73 1769
62 74 1794
62 75 1794
62 76 1819
62 77 1819
62 78 1843
62 79 1843
62 80 1867
62 81 1867
62 82 1890
62 83 1890
62 84 1913
62 85 1913
62 86 1935
62 87 1935
62 88 1957
62 89 1957
62 90 1978
62 91 1978
62 92 1999
62 93 1999
62 94 2019
62 95 2019
62 96 2020
62 97 2020
62 98 2039
62 99 2039
63 2 894
63 3 894
63 4 919
63 5 919
63 6 944
63 7 944
63 8 969
63 9 969
63 10 994
63 11 994
63 12 1019
63 13 1019
63 14 1044
63 15 1044
63 16 1069
63 17 1069
63 18 1094
63 19 1094
63 20 1119
63 21 1119
63 22 1144
63 23 1144
63 24 1169
63 25 1169
63 26 1194
63 27 1194
63 28 1219
63 29 1219
63 30 1244
63 31 1244
63 32 1269
63 33 1269
63 34 1294
63 35 1294
63 36 1319
63 37 1319
63 38 1344
63 39 1344
63 40 1369
63 41 1369
63 42 1394
63 43 1394
63 44 1419
63 45 1419
63 46 1444
63 47 1444
63 48 1469
63 49 1469
63 50 1494
63 51 1494
63 52 1519
63 53 1519
63 54 1544
63 55 1544
63 56 1569
63 57 1569
63 58 1594
63 59 1594
63 60 1619
63 61 1619
63 62 1644
63 63 1644
63 64 1669
63 65 1669
63 66 1694
63 67 1694
63 68 1719
63 69 1719
63 70 1744
63 71 1744
63 72 1769
63 73 1769
63 74 1794
63 75 1794
63 76 1819
63 77 1819
63 78 1843
63 79 1843
63 80 1867
63 81 1867
63 82 1890
63 83 1890
63 84 1913
63 85 1913
63 86 1935
63 87 1935
63 88 1957
63 89 1957
63 90 1978
63 91 1978
63 92 1999
63 93 1999
63 94 2019
63 95 2019
63 96 2058
63 97 2058
63 98 2076
63 99 2076
64 2 943
64 3 943
64 4 968
64 5 968
64 6 993
64 7 993
64 8 1018
64 9 1018
64 10 1043
64 11 1043
64 12 1068
64 13 1068
64 14 1093
64 15 1093
64 16 1118
64 17 1118
64 18 1143
64 19 1143
64 20 1168
64 21 1168
64 22 1193
64 23 1193
64 24 1218
64 25 1218
64 26 1243
64 27 1243
64 28 1268
64 29 1268
64 30 1293
64 31 1293
64 32 1318
64 33 1318
64 34 1343
64 35 1343
64 36 1368
64 37 1368
64 38 1393
64 39 1393
64 40 1418
64 41 1418
64 42 1443
64 43 1443
64 44 1468
64 45 1468
64 46 1493
64 47 1493
64 48 1518
64 49 1518
64 50 1543
64 51 1543
64 52 1568
64 53 1568
64 54 1593
64 55 1593
64 56 1618
64 57 1618
64 58 1643
64 59 1643
64 60 1668
64 61 1668
64 62 1693
64 63 1693
64 64 1718
64 65 1718
64 66 1743
64 67 1743
64 68 1768
64 69 1768
64 70 1793
64 71 1793
64 72 1818
64 73 1818
64 74 1842
64 75 1842
64 76 1866
64 77 1866
64 78 1889
64 79 1889
64 80 1912
64 81 1912
64 82 1934
64 83 1934
64 84 1956
64 85 1956
64 86 1977
64 87 1977
64 88 1998
64 89 1998
64 90 2018
64 91 2018
64 92 2038
64 93 2038
64 94 2057
64 95 2057
64 96 2058
64 97 2058
64 98 2076
64 99 2076
65 2 943
65 3 943
65 4 968
65 5 968
65 6 993
65 7 993
65 8 1018
65 9 1018
65 10 1043
65 11 1043
65 12 1068
65 13 1068
65 14 1093
65 15 1093
65 16 1118
65 17 1118
65 18 1143
65 19 1143
65 20 1168
65 21 1168
65 22 1193
65 23 1193
65 24 1218
65 25 1218
65 26 1243
65 27 1243
65 28 1268
65 29 1268
65 30 1293
65 31 1293
65 32 1318
65 33 1318
65 34 1343
65 35 1343
65 36 1368
65 37 1368
65 38 1393
65 39 1393
65 40 1418
65 41 1418
65 42 1443
65 43 1443
65 44 1468
65 45 1468
65 46 1493
65 47 1493
65 48 1518
65 49 1518
65 50 1543
65 51 1543
65 52 1568
65 53 1568
65 54 1593
65 55 1593
65 56 1618
65 57 1618
65 58 1643
65 59 1643
65 60 1668
65 61 1668
65 62 1693
65 63 1693
65 64 1718
65 65 1718
65 66 1743
65 67 1743
65 68 1768
65 69 1768
65 70 1793
65 71 1793
65 72 1818
65 73 1818
65 74 1842
65 75 1842
65 76 1866
65 77 1866
65 78 1889
65 79 1889
65 80 1912
65 81 1912
65 82 1934
65 83 1934
65 84 1956
65 85 1956
65 86 1977
65 87 1977
65 88 1998
65 89 1998
65 90 2018
65 91 2018
65 92 2038
65 93 2038
65 94 2057
65 95 2057
65 96 2094
65 97 2094
65 98 2111
65 99 2111
66 2 992
66 3 992
66 4 1017
66 5 1017
66 6 1042
66 7 1042
66 8 1067
66 9 1067
66 10 1092
66 11 1092
66 12 1117
66 13 1117
66 14 1142
66 15 1142
66 16 1167
66 17 1167
66 18 1192
66 19 1192
66 20 1217
66 21 1217
66 22 1242
66 23 1242
66 24 1267
66 25 1267
66 26 1292
66 27 1292
66 28 1317
66 29 1317
66 30 1342
66 31 1342
66 32 1367
66 33 1367
66 34 1392
66 35 1392
66 36 1417
66 37 1417
66 38 1442
66 39 1442
66 40 1467
66 41 1467
66 42 1492
66 43 1492
66 44 1517
66 45 1517
66 46 1542
66 47 1542
66 48 1567
66 49 1567
66 50 1592
66 51 1592
66 52 1617
66 53 1617
66 54 1642
66 55 1642
66 56 1667
66 57 1667
66 58 1692
66 59 1692
66 60 1717
66 61 1717
66 62 1742
66 63 1742
66 64 1767
66 65 1767
66 66 1792
66 67 1792
66 68 1817
66 69 1817
66 70 1841
66 71 1841
66 72 1865
66 73 1865
66 74 1888
66 75 1888
66 76 1911
66 77 1911
66 78 1933
66 79 1933
66 80 1955
66 81 1955
66 82 1976
66 83 1976
66 84 1997
66 85 1997
66 86 2017
66 87 2017
66 88 2037
66 89 2037
66 90 2056
66 91 2056
66 92 2075
66 93 2075
66 94 2093
66 95 2093
66 96 2094
66 97 2094
66 98 2111
66 99 2111
67 2 992
67 3 992
67 4 1017
67 5 1017
67 6 1042
67 7 1042
67 8 1067
67 9 1067
67 10 1092
67 11 1092
67 12 1117
67 13 1117
67 14 1142
67 15 1142
67 16 1167
67 17 1167
67 18 1192
67 19 1192
67 20 1217
67 21 1217
67 22 1242
67 23 1242
67 24 1267
67 25 1267
67 26 1292
67 27 1292
67 28 1317
67 29 1317
67 30 1342
67 31 1342
67 32 1367
67 33 1367
67 34 1392
67 35 1392
67 36 1417
67 37 1417
67 38 1442
67 39 1442
67 40 1467
67 41 1467
67 42 1492
67 43 1492
67 44 1517
67 45 1517
67 46 1542
67 47 1542
67 48 1567
67 49 1567
67 50 1592
67 51 1592
67 52 1617
67 53 1617
67 54 1642
67 55 1642
67 56 1667
67 57 1667
67 58 1692
67 59 1692
67 60 1717
67 61 1717
67 62 1742
67 63 1742
67 64 1767
67 65 1767
67 66 1792
67 67 1792
67 68 1817
67 69 1817
67 70 1841
67 71 1841
67 72 1865
67 73 1865
67 74 1888
67 75 1888
67 76 1911
67 77 1911
67 78 1933
67 79 1933
67 80 1955
67 81 1955
67 82 1976
67 83 1976
67 84 1997
67 85 1997
67 86 2017
67 87 2017
67 88 2037
67 89 2037
67 90 2056
67 91 2056
67 92 2075
67 93 2075
67 94 2093
67 95 2093
67 96 2128
67 97 2128
67 98 2144
67 99 2144
68 2 1041
68 3 1041
68 4 1066
68 5 1066
68 6 1091
68 7 1091
68 8 1116
68 9 1116
68 10 1141
68 11 1141
68 12 1166
68 13 1166
68 14 1191
68 15 1191
68 16 1216
68 17 1216
68 18 1241
68 19 1241
68 20 1266
68 21 1266
68 22 1291
68 23 1291
68 24 1316
68 25 1316
68 26 1341
68 27 1341
68 28 1366
68 29 1366
68 30 1391
68 31 1391
68 32 1416
68 33 1416
68 34 1441
68 35 1441
68 36 1466
68 37 1466
68 38 1491
68 39 1491
68 40 1516
68 41 1516
68 42 1541
68 43 1541
68 44 1566
68 45 1566
68 46 1591
68 47 1591
68 48 1616
68 49 1616
68 50 1641
68 51 1641
68 52 1666
68 53 1666
68 54 1691
68 55 1691
68 56 1716
68 57 1716
68 58 1741
68 59 1741
68 60 1766
68 61 1766
68 62 1791
68 63 1791
68 64 1816
68 65 1816
68 66 1840
68 67 1840
68 68 1864
68 69 1864
68 70 1887
68 71 1887
68 72 1910
68 73 1910
68 74 1932
68 75 1932
68 76 1954
68 77 1954
68 78 1975
68 79 1975
68 80 1996
68 81 1996
68 82 2016
68 83 2016
68 84 2036
68 85 2036
68 86 2055
68 87 2055
68 88 2074
68 89 2074
68 90 2092
68 91 2092
68 92 2110
68 93 2110
68 94 2127
68 95 2127
68 96 2128
68 97 2128
68 98 2144
68 99 2144
69 2 1041
69 3 1041
69 4 1066
69 5 1066
69 6 1091
69 7 1091
69 8 1116
69 9 1116
69 10 1141
69 11 1141
69 12 1166
69 13 1166
69 14 1191
69 15 1191
69 16 1216
69 17 1216
69 18 1241
69 19 1241
69 20 1266
69 21 1266
69 22 1291
69 23 1291
69 24 1316
69 25 1316
69 26 1341
69 27 1341
69 28 1366
69 29 1366
69 30 1391
69 31 1391
69 32 1416
69 33 1416
69 34 1441
69 35 1441
69 36 1466
69 37 1466
69 38 1491
69 39 1491
69 40 1516
69 41 1516
69 42 1541
69 43 1541
69 44 1566
69 45 1566
69 46 1591
69 47 1591
69 48 1616
69 49 1616
69 50 1641
69 51 1641
69 52 1666
69 53 1666
69 54 1691
69 55 1691
69 56 1716
69 57 1716
69 58 1741
69 59 1741
69 60 1766
69 61 1766
69 62 1791
69 63 1791
69 64 1816
69 65 1816
69 66 1840
69 67 1840
69 68 1864
69 69 1864
69 70 1887
69 71 1887
69 72 1910
69 73 1910
69 74 1932
69 75 1932
69 76 1954
69 77 1954
69 78 1975
69 79 1975
69 80 1996
69 81 1996
69 82 2016
69 83 2016
69 84 2036
69 85 2036
69 86 2055
69 87 2055
69 88 2074
69 89 2074
69 90 2092
69 91 2092
69 92 2110
69 93 2110
69 94 2127
69 95 2127
69 96 2160
69 97 2160
69 98 2175
69 99 2175
70 2 1090
70 3 1090
70 4 1115
70 5 1115
70 6 1140
70 7 1140
70 8 1165
70 9 1165
70 10 1190
70 11 1190
70 12 1215
70 13 1215
70 14 1240
70 15 1240
70 16 1265
70 17 1265
70 18 1290
70 19 1290
70 20 1315
70 21 1315
70 22 1340
70 23 1340
70 24 1365
70 25 1365
70 26 1390
70 27 1390
70 28 1415
70 29 1415
70 30 1440
70 31 1440
70 32 1465
70 33 1465
70 34 1490
70 35 1490
70 36 1515
70 37 1515
70 38 1540
70 39 1540
70 40 1565
70 41 1565
70 42 1590
70 43 1590
70 44 1615
70 45 1615
70 46 1640
70 47 1640
70 48 1665
70 49 1665
70 50 1690
70 51 1690
70 52 1715
70 53 1715
70 54 1740
70 55 1740
70 56 1765
70 57 1765
70 58 1790
70 59 1790
70 60 1815
70 61 1815
70 62 1839
70 63 1839
70 64 1863
70 65 1863
70 66 1886
70 67 1886
70 68 1909
70 69 1909
70 70 1931
70 71 1931
70 72 1953
70 73 1953
70 74 1974
70 75 1974
70 76 1995
70 77 1995
70 78 2015
70 79 2015
70 80 2035
70 81 2035
70 82 2054
70 83 2054
70 84 2073
70 85 2073
70 86 2091
70 87 2091
70 88 2109
70 89 2109
70 90 2126
70 91 2126
70 92 2143
70 93 2143
70 94 2159
70 95 2159
70 96 2160
70 97 2160
70 98 2175
70 99 2175
71 2 1090
71 3 1090
71 4 1115
71 5 1115
71 6 1140
71 7 1140
71 8 1165
71 9 1165
71 10 1190
71 11 1190
71 12 1215
71 13 1215
71 14 1240
71 15 1240
71 16 1265
71 17 1265
71 18 1290
71 19 1290
71 20 1315
71 21 1315
71 22 1340
71 23 1340
71 24 1365
71 25 1365
71 26 1390
71 27 1390
71 28 1415
71 29 1415
71 30 1440
71 31 1440
71 32 1465
71 33 1465
71 34 1490
71 35 1490
71 36 1515
71 37 1515
71 38 1540
71 39 1540
71 40 1565
71 41 1565
71 42 1590
71 43 1590
71 44 1615
71 45 1615
71 46 1640
71 47 1640
71 48 1665
71 49 1665
71 50 1690
71 51 1690
71 52 1715
71 53 1715
71 54 1740
71 55 1740
71 56 1765
71 57 1765
71 58 1790
71 59 1790
71 60 1815
71 61 1815
71 62 1839
71 63 1839
71 64 1863
71 65 1863
71 66 1886
71 67 1886
71 68 1909
71 69 1909
71 70 1931
71 71 1931
71 72 1953
71 73 1953
71 74 1974
71 75 1974
71 76 1995
71 77 1995
71 78 2015
71 79 2015
71 80 2035
71 81 2035
71 82 2054
71 83 2054
71 84 2073
71 85 2073
71 86 2091
71 87 2091
71 88 2109
71 89 2109
71 90 2126
71 91 2126
71 92 2143
71 93 2143
71 94 2159
71 95 2159
71 96 2190
71 97 2190
71 98 2204
71 99 2204
72 2 1139
72 3 1139
72 4 1164
72 5 1164
72 6 1189
72 7 1189
72 8 1214
72 9 1214
72 10 1239
72 11 1239
72 12 1264
72 13 1264
72 14 1289
72 15 1289
72 16 1314
72 17 1314
72 18 1339
72 19 1339
72 20 1364
72 21 1364
72 22 1389
72 23 1389
72 24 1414
72 25 1414
72 26 1439
72 27 1439
72 28 1464
72 29 1464
72 30 1489
72 31 1489
72 32 1514
72 33 1514
72 34 1539
72 35 1539
72 36 1564
72 37 1564
72 38 1589
72 39 1589
72 40 1614
72 41 1614
72 42 1639
72 43 1639
72 44 1664
72 45 1664
72 46 1689
72 47 1689
72 48 1714
72 49 1714
72 50 1739
72 51 1739
72 52 1764
72 53 1764
72 54 1789
72 55 1789
72 56 1814
72 57 1814
72 58 1838
72 59 1838
72 60 1862
72 61 1862
72 62 1885
72 63 1885
72 64 1908
72 65 1908
72 66 1930
72 67 1930
72 68 1952
72 69 1952
72 70 1973
72 71 1973
72 72 1994
72 73 1994
72 74 2014
72 75 2014
72 76 2034
72 77 2034
72 78 2053
72 79 2053
72 80 2072
72 81 2072
72 82 2090
72 83 2090
72 84 2108
72 85 2108
72 86 2125
72 87 2125
72 88 2142
72 89 2142
72 90 2158
72 91 2158
72 92 2174
72 93 2174
72 94 2189
72 95 2189
72 96 2190
72 97 2190
72 98 2204
72 99 2204
73 2 1139
73 3 1139
73 4 1164
73 5 1164
73 6 1189
73 7 1189
73 8 1214
73 9 1214
73 10 1239
73 11 1239
73 12 1264
73 13 1264
73 14 1289
73 15 1289
73 16 1314
73 17 1314
73 18 1339
73 19 1339
73 20 1364
73 21 1364
73 22 1389
73 23 1389
73 24 1414
73 25 1414
73 26 1439
73 27 1439
73 28 1464
73 29 1464
73 30 1489
73 31 1489
73 32 1514
73 33 1514
73 34 1539
73 35 1539
73 36 1564
73 37 1564
73 38 1589
73 39 1589
73 40 1614
73 41 1614
73 42 1639
73 43 1639
73 44 1664
73 45 1664
73 46 1689
73 47 1689
73 48 1714
73 49 1714
73 50 1739
73 51 1739
73 52 1764
73 53 1764
73 54 1789
73 55 1789
73 56 1814
73 57 1814
73 58 1838
73 59 1838
73 60 1862
73 61 1862
73 62 1885
73 63 1885
73 64 1908
73 65 1908
73 66 1930
73 67 1930
73 68 1952
73 69 1952
73 70 1973
73 71 1973
73 72 1994
73 73 1994
73 74 2014
73 75 2014
73 76 2034
73 77 2034
73 78 2053
73 79 2053
73 80 2072
73 81 2072
73 82 2090
73 83 2090
73 84 2108
73 85 2108
73 86 2125
73 87 2125
73 88 2142
73 89 2142
73 90 2158
73 91 2158
73 92 2174
73 93 2174
73 94 2189
73 95 2189
73 96 2218
73 97 2218
73 98 2231
73 99 2231
74 2 1188
74 3 1188
74 4 1213
74 5 1213
74 6 1238
74 7 1238
74 8 1263
74 9 1263
74 10 1288
74 11 1288
74 12 1313
74 13 1313
74 14 1338
74 15 1338
74 16 1363
74 17 1363
74 18 1388
74 19 1388
74 20 1413
74 21 1413
74 22 1438
74 23 1438
74 24 1463
74 25 1463
74 26 1488
74 27 1488
74 28 1513
74 29 1513
74 30 1538
74 31 1538
74 32 1563
74 33 1563
74 34 1588
74 35 1588
74 36 1613
74 37 1613
74 38 1638
74 39 1638
74 40 1663
74 41 1663
74 42 1688
74 43 1688
74 44 1713
74 45 1713
74 46 1738
74 47 1738
74 48 1763
74 49 1763
74 50 1788
74 51 1788
74 52 1813
74 53 1813
74 54 1837
74 55 1837
74 56 1861
74 57 1861
74 58 1884
74 59 1884
74 60 1907
74 61 1907
74 62 1929
74 63 1929
74 64 1951
74 65 1951
74 66 1972
74 67 1972
74 68 1993
74 69 1993
74 70 2013
74 71 2013
74 72 2033
74 73 2033
74 74 2052
74 75 2052
74 76 2071
74 77 2071
74 78 2089
74 79 2089
74 80 2107
74 81 2107
74 82 2124
74 83 2124
74 84 2141
74 85 2141
74 86 2157
74 87 2157
74 88 2173
74 89 2173
74 90 2188
74 91 2188
74 92 2203
74 93 2203
74 94 2217
74 95 2217
74 96 2218
74 97 2218
74 98 2231
74 99 2231
75 2 1188
75 3 1188
75 4 1213
75 5 1213
75 6 1238
75 7 1238
75 8 1263
75 9 1263
75 10 1288
75 11 1288
75 12 1313
75 13 1313
75 14 1338
75 15 1338
75 16 1363
75 17 1363
75 18 1388
75 19 1388
75 20 1413
75 21 1413
75 22 1438
75 23 1438
75 24 1463
75 25 1463
75 26 1488
75 27 1488
75 28 1513
75 29 1513
75 30 1538
75 31 1538
75 32 1563
75 33 1563
75 34 1588
75 35 1588
75 36 1613
75 37 1613
75 38 1638
75 39 1638
75 40 1663
75 41 1663
75 42 1688
75 43 1688
75 44 1713
75 45 1713
75 46 1738
75 47 1738
75 48 1763
75 49 1763
75 50 1788
75 51 1788
75 52 1813
75 53 1813
75 54 1837
75 55 1837
75 56 1861
75 57 1861
75 58 1884
75 59 1884
75 60 1907
75 61 1907
75 62 1929
75 63 1929
75 64 1951
75 65 1951
75 66 1972
75 67 1972
75 68 1993
75 69 1993
75 70 2013
75 71 2013
75 72 2033
75 73 2033
75 74 2052
75 75 2052
75 76 2071
75 77 2071
75 78 2089
75 79 2089
75 80 2107
75 81 2107
75 82 2124
75 83 2124
75 84 2141
75 85 2141
75 86 2157
75 87 2157
75 88 2173
75 89 2173
75 90 2188
75 91 2188
75 92 2203
75 93 2203
75 94 2217
75 95 2217
75 96 2244
75 97 2244
75 98 2256
75 99 2256
76 2 1237
76 3 1237
76 4 1262
76 5 1262
76 6 1287
76 7 1287
76 8 1312
76 9 1312
76 10 1337
76 11 1337
76 12 1362
76 13 1362
76 14 1387
76 15 1387
76 16 1412
76 17 1412
76 18 1437
76 19 1437
76 20 1462
76 21 1462
76 22 1487
76 23 1487
76 24 1512
76 25 1512
76 26 1537
76 27 1537
76 28 1562
76 29 1562
76 30 1587
76 31 1587
76 32 1612
76 33 1612
76 34 1637
76 35 1637
76 36 1662
76 37 1662
76 38 1687
76 39 1687
76 40 1712
76 41 1712
76 42 1737
76 43 1737
76 44 1762
76 45 1762
76 46 1787
76 47 1787
76 48 1812
76 49 1812
76 50 1836
76 51 1836
76 52 1860
76 53 1860
76 54 1883
76 55 1883
76 56 1906
76 57 1906
76 58 1928
76 59 1928
76 60 1950
76 61 1950
76 62 1971
76 63 1971
76 64 1992
76 65 1992
76 66 2012
76 67 2012
76 68 2032
76 69 2032
76 70 2051
76 71 2051
76 72 2070
76 73 2070
76 74 2088
76 75 2088
76 76 2106
76 77 2106
76 78 2123
76 79 2123
76 80 2140
76 81 2140
76 82 2156
76 83 2156
76 84 2172
76 85 2172
76 86 2187
76 87 2187
76 88 2202
76 89 2202
76 90 2216
76 91 2216
76 92 2230
76 93 2230
76 94 2243
76 95 2243
76 96 2244
76 97 2244
76 98 2256
76 99 2256
77 2 1237
77 3 1237
77 4 1262
77 5 1262
77 6 1287
77 7 1287
77 8 1312
77 9 1312
77 10 1337
77 11 1337
77 12 1362
77 13 1362
77 14 1387
77 15 1387
77 16 1412
77 17 1412
77 18 1437
77 19 1437
77 20 1462
77 21 1462
77 22 1487
77 23 1487
77 24 1512
77 25 1512
77 26 1537
77 27 1537
77 28 1562
77 29 1562
77 30 1587
77 31 1587
77 32 1612
77 33 1612
77 34 1637
77 35 1637
77 36 1662
77 37 1662
77 38 1687
77 39 1687
77 40 1712
77 41 1712
77 42 1737
77 43 1737
77 44 1762
77 45 1762
77 46 1787
77 47 1787
77 48 1812
77 49 1812
77 50 1836
77 51 1836
77 52 1860
77 53 1860
77 54 1883
77 55 1883
77 56 1906
77 57 1906
77 58 1928
77 59 1928
77 60 1950
77 61 1950
77 62 1971
77 63 1971
77 64 1992
77 65 1992
77 66 2012
77 67 2012
77 68 2032
77 69 2032
77 70 2051
77 71 2051
77 72 2070
77 73 2070
77 74 2088
77 75 2088
77 76 2106
77 77 2106
77 78 2123
77 79 2123
77 80 2140
77 81 2140
77 82 2156
77 83 2156
77 84 2172
77 85 2172
77 86 2187
77 87 2187
77 88 2202
77 89 2202
77 90 2216
77 91 2216
77 92 2230
77 93 2230
77 94 2243
77 95 2243
77 96 2268
77 97 2268
77 98 2279
77 99 2279
78 2 1286
78 3 1286
78 4 1311
78 5 1311
78 6 1336
78 7 1336
78 8 1361
78 9 1361
78 10 1386
78 11 1386
78 12 1411
78 13 1411
78 14 1436
78 15 1436
78 16 1461
78 17 1461
78 18 1486
78 19 1486
78 20 1511
78 21 1511
78 22 1536
78 23 1536
78 24 1561
78 25 1561
78 26 1586
78 27 1586
78 28 1611
78 29 1611
78 30 1636
78 31 1636
78 32 1661
78 33 1661
78 34 1686
78 35 1686
78 36 1711
78 37 1711
78 38 1736
78 39 1736
78 40 1761
78 41 1761
78 42 1786
78 43 1786
78 44 1811
78 45 1811
78 46 1835
78 47 1835
78 48 1859
78 49 1859
78 50 1882
78 51 1882
78 52 1905
78 53 1905
78 54 1927
78 55 1927
78 56 1949
78 57 1949
78 58 1970
78 59 1970
78 60 1991
78 61 1991
78 62 2011
78 63 2011
78 64 2031
78 65 2031
78 66 2050
78 67 2050
78 68 2069
78 69 2069
78 70 2087
78 71 2087
78 72 2105
78 73 2105
78 74 2122
78 75 2122
78 76 2139
78 77 2139
78 78 2155
78 79 2155
78 80 2171
78 81 2171
78 82 2186
78 83 2186
78 84 2201
78 85 2201
78 86 2215
78 87 2215
78 88 2229
78 89 2229
78 90 2242
78 91 2242
78 92 2255
78 93 2255
78 94 2267
78 95 2267
78 96 2268
78 97 2268
78 98 2279
78 99 2279
79 2 1286
79 3 1286
79 4 1311
79 5 1311
79 6 1336
79 7 1336
79 8 1361
79 9 1361
79 10 1386
79 11 1386
79 12 1411
79 13 1411
79 14 1436
79 15 1436
79 16 1461
79 17 1461
79 18 1486
79 19 1486
79 20 1511
79 21 1511
79 22 1536
79 23 1536
79 24 1561
79 25 1561
79 26 1586
79 27 1586
79 28 1611
79 29 1611
79 30 1636
79 31 1636
79 32 1661
79 33 1661
79 34 1686
79 35 1686
79 36 1711
79 37 1711
79 38 1736
79 39 1736
79 40 1761
79 41 1761
79 42 1786
79 43 1786
79 44 1811
79 45 1811
79 46 1835
79 47 1835
79 48 1859
79 49 1859
79 50 1882
79 51 1882
79 52 1905
79 53 1905
79 54 1927
79 55 1927
79 56 1949
79 57 1949
79 58 1970
79 59 1970
79 60 1991
79 61 1991
79 62 2011
79 63 2011
79 64 2031
79 65 2031
79 66 2050
79 67 2050
79 68 2069
79 69 2069
79 70 2087
79 71 2087
79 72 2105
79 73 2105
79 74 2122
79 75 2122
79 76 2139
79 77 2139
79 78 2155
79 79 2155
79 80 2171
79 81 2171
79 82 2186
79 83 2186
79 84 2201
79 85 2201
79 86 2215
79 87 2215
79 88 2229
79 89 2229
79 90 2242
79 91 2242
79 92 2255
79 93 2255
79 94 2267
79 95 2267
79 96 2290
79 97 2290
79 98 2300
79 99 2300
80 2 1335
80 3 1335
80 4 1360
80 5 1360
80 6 1385
80 7 1385
80 8 1410
80 9 1410
80 10 1435
80 11 1435
80 12 1460
80 13 1460
80 14 1485
80 15 1485
80 16 1510
80 17 1510
80 18 1535
80 19 1535
80 20 1560
80 21 1560
80 22 1585
80 23 1585
80 24 1610
80 25 1610
80 26 1635
80 27 1635
80 28 1660
80 29 1660
80 30 1685
80 31 1685
80 32 1710
80 33 1710
80 34 1735
80 35 1735
80 36 1760
80 37 1760
80 38 1785
80 39 1785
80 40 1810
80 41 1810
80 42 1834
80 43 1834
80 44 1858
80 45 1858
80 46 1881
80 47 1881
80 48 1904
80 49 1904
80 50 1926
80 51 1926
80 52 1948
80 53 1948
80 54 1969
80 55 1969
80 56 1990
80 57 1990
80 58 2010
80 59 2010
80 60 2030
80 61 2030
80 62 2049
80 63 2049
80 64 2068
80 65 2068
80 66 2086
80 67 2086
80 68 2104
80 69 2104
80 70 2121
80 71 2121
80 72 2138
80 73 2138
80 74 2154
80 75 2154
80 76 2170
80 77 2170
80 78 2185
80 79 2185
80 80 2200
80 81 2200
80 82 2214
80 83 2214
80 84 2228
80 85 2228
80 86 2241
80 87 2241
80 88 2254
80 89 2254
80 90 2266
80 91 2266
80 92 2278
80 93 2278
80 94 2289
80 95 2289
80 96 2290
80 97 2290
80 98 2300
80 99 2300
81 2 1335
81 3 1335
81 4 1360
81 5 1360
81 6 1385
81 7 1385
81 8 1410
81 9 1410
81 10 1435
81 11 1435
81 12 1460
81 13 1460
81 14 1485
81 15 1485
81 16 1510
81 17 1510
81 18 1535
81 19 1535
81 20 1560
81 21 1560
81 22 1585
81 23 1585
81 24 1610
81 25 1610
81 26 1635
81 27 1635
81 28 1660
81 29 1660
81 30 1685
81 31 1685
81 32 1710
81 33 1710
81 34 1735
81 35 1735
81 36 1760
81 37 1760
81 38 1785
81 39 1785
81 40 1810
81 41 1810
81 42 1834
81 43 1834
81 44 1858
81 45 1858
81 46 1881
81 47 1881
81 48 1904
81 49 1904
81 50 1926
81 51 1926
81 52 1948
81 53 1948
81 54 1969
81 55 1969
81 56 1990
81 57 1990
81 58 2010
81 59 2010
81 60 2030
81 61 2030
81 62 2049
81 63 2049
81 64 2068
81 65 2068
81 66 2086
81 67 2086
81 68 2104
81 69 2104
81 70 2121
81 71 2121
81 72 2138
81 73 2138
81 74 2154
81 75 2154
81 76 2170
81 77 2170
81 78 2185
81 79 2185
81 80 2200
81 81 2200
81 82 2214
81 83 2214
81 84 2228
81 85 2228
81 86 2241
81 87 2241
81 88 2254
81 89 2254
81 90 2266
81 91 2266
81 92 2278
81 93 2278
81 94 2289
81 95 2289
81 96 2310
81 97 2310
81 98 2319
81 99 2319
82 2 1384
82 3 1384
82 4 1409
82 5 1409
82 6 1434
82 7 1434
82 8 1459
82 9 1459
82 10 1484
82 11 1484
82 12 1509
82 13 1509
82 14 1534
82 15 1534
82 16 1559
82 17 1559
82 18 1584
82 19 1584
82 20 1609
82 21 1609
82 22 1634
82 23 1634
82 24 1659
82 25 1659
82 26 1684
82 27 1684
82 28 1709
82 29 1709
82 30 1734
82 31 1734
82 32 1759
82 33 1759
82 34 1784
82 35 1784
82 36 1809
82 37 1809
82 38 1833
82 39 1833
82 40 1857
82 41 1857
82 42 1880
82 43 1880
82 44 1903
82 45 1903
82 46 1925
82 47 1925
82 48 1947
82 49 1947
82 50 1968
82 51 1968
82 52 1989
82 53 1989
82 54 2009
82 55 2009
82 56 2029
82 57 2029
82 58 2048
82 59 2048
82 60 2067
82 61 2067
82 62 2085
82 63 2085
82 64 2103
82 65 2103
82 66 2120
82 67 2120
82 68 2137
82 69 2137
82 70 2153
82 71 2153
82 72 2169
82 73 2169
82 74 2184
82 75 2184
82 76 2199
82 77 2199
82 78 2213
82 79 2213
82 80 2227
82 81 2227
82 82 2240
82 83 2240
82 84 2253
82 85 2253
82 86 2265
82 87 2265
82 88 2277
82 89 2277
82 90 2288
82 91 2288
82 92 2299
82 93 2299
82 94 2309
82 95 2309
82 96 2310
82 97 2310
82 98 2319
82 99 2319
83 2 1384
83 3 1384
83 4 1409
83 5 1409
83 6 1434
83 7 1434
83 8 1459
83 9 1459
83 10 1484
83 11 1484
83 12 1509
83 13 1509
83 14 1534
83 15 1534
83 16 1559
83 17 1559
83 18 1584
83 19 1584
83 20 1609
83 21 1609
83 22 1634
83 23 1634
83 24 1659
83 25 1659
83 26 1684
83 27 1684
83 28 1709
83 29 1709
83 30 1734
83 31 1734
83 32 1759
83 33 1759
83 34 1784
83 35 1784
83 36 1809
83 37 1809
83 38 1833
83 39 1833
83 40 1857
83 41 1857
83 42 1880
83 43 1880
83 44 1903
83 45 1903
83 46 1925
83 47 1925
83 48 1947
83 49 1947
83 50 1968
83 51 1968
83 52 1989
83 53 1989
83 54 2009
83 55 2009
83 56 2029
83 57 2029
83 58 2048
83 59 2048
83 60 2067
83 61 2067
83 62 2085
83 63 2085
83 64 2103
83 65 2103
83 66 2120
83 67 2120
83 68 2137
83 69 2137
83 70 2153
83 71 2153
83 72 2169
83 73 2169
83 74 2184
83 75 2184
83 76 2199
83 77 2199
83 78 2213
83 79 2213
83 80 2227
83 81 2227
83 82 2240
83 83 2240
83 84 2253
83 85 2253
83 86 2265
83 87 2265
83 88 2277
83 89 2277
83 90 2288
83 91 2288
83 92 2299
83 93 2299
83 94 2309
83 95 2309
83 96 2328
83 97 2328
83 98 2336
83 99 2336
84 2 1433
84 3 1433
84 4 1458
84 5 1458
84 6 1483
84 7 1483
84 8 1508
84 9 1508
84 10 1533
84 11 1533
84 12 1558
84 13 1558
84 14 1583
84 15 1583
84 16 1608
84 17 1608
84 18 1633
84 19 1633
84 20 1658
84 21 1658
84 22 1683
84 23 1683
84 24 1708
84 25 1708
84 26 1733
84 27 1733
84 28 1758
84 29 1758
84 30 1783
84 31 1783
84 32 1808
84 33 1808
84 34 1832
84 35 1832
84 36 1856
84 37 1856
84 38 1879
84 39 1879
84 40 1902
84 41 1902
84 42 1924
84 43 1924
84 44 1946
84 45 1946
84 46 1967
84 47 1967
84 48 1988
84 49 1988
84 50 2008
84 51 2008
84 52 2028
84 53 2028
84 54 2047
84 55 2047
84 56 2066
84 57 2066
84 58 2084
84 59 2084
84 60 2102
84 61 2102
84 62 2119
84 63 2119
84 64 2136
84 65 2136
84 66 2152
84 67 2152
84 68 2168
84 69 2168
84 70 2183
84 71 2183
84 72 2198
84 73 2198
84 74 2212
84 75 2212
84 76 2226
84 77 2226
84 78 2239
84 79 2239
84 80 2252
84 81 2252
84 82 2264
84 83 2264
84 84 2276
84 85 2276
84 86 2287
84 87 2287
84 88 2298
84 89 2298
84 90 2308
84 91 2308
84 92 2318
84 93 2318
84 94 2327
84 95 2327
84 96 2328
84 97 2328
84 98 2336
84 99 2336
85 2 1433
85 3 1433
85 4 1458
85 5 1458
85 6 1483
85 7 1483
85 8 1508
85 9 1508
85 10 1533
85 11 1533
85 12 1558
85 13 1558
85 14 1583
85 15 1583
85 16 1608
85 17 1608
85 18 1633
85 19 1633
85 20 1658
85 21 1658
85 22 1683
85 23 1683
85 24 1708
85 25 1708
85 26 1733
85 27 1733
85 28 1758
85 29 1758
85 30 1783
85 31 1783
85 32 1808
85 33 1808
85 34 1832
85 35 1832
85 36 1856
85 37 1856
85 38 1879
85 39 1879
85 40 1902
85 41 1902
85 42 1924
85 43 1924
85 44 1946
85 45 1946
85 46 1967
85 47 1967
85 48 1988
85 49 1988
85 50 2008
85 51 2008
85 52 2028
85 53 2028
85 54 2047
85 55 2047
85 56 2066
85 57 2066
85 58 2084
85 59 2084
85 60 2102
85 61 2102
85 62 2119
85 63 2119
85 64 2136
85 65 2136
85 66 2152
85 67 2152
85 68 2168
85 69 2168
85 70 2183
85 71 2183
85 72 2198
85 73 2198
85 74 2212
85 75 2212
85 76 2226
85 77 2226
85 78 2239
85 79 2239
85 80 2252
85 81 2252
85 82 2264
85 83 2264
85 84 2276
85 85 2276
85 86 2287
85 87 2287
85 88 2298
85 89 2298
85 90 2308
85 91 2308
85 92 2318
85 93 2318
85 94 2327
85 95 2327
85 96 2344
85 97 2344
85 98 2351
85 99 2351
86 2 1482
86 3 1482
86 4 1507
86 5 1507
86 6 1532
86 7 1532
86 8 1557
86 9 1557
86 10 1582
86 11 1582
86 12 1607
86 13 1607
86 14 1632
86 15 1632
86 16 1657
86 17 1657
86 18 1682
86 19 1682
86 20 1707
86 21 1707
86 22 1732
86 23 1732
86 24 1757
86 25 1757
86 26 1782
86 27 1782
86 28 1807
86 29 1807
86 30 1831
86 31 1831
86 32 1855
86 33 1855
86 34 1878
86 35 1878
86 36 1901
86 37 1901
86 38 1923
86 39 1923
86 40 1945
86 41 1945
86 42 1966
86 43 1966
86 44 1987
86 45 1987
86 46 2007
86 47 2007
86 48 2027
86 49 2027
86 50 2046
86 51 2046
86 52 2065
86 53 2065
86 54 2083
86 55 2083
86 56 2101
86 57 2101
86 58 2118
86 59 2118
86 60 2135
86 61 2135
86 62 2151
86 63 2151
86 64 2167
86 65 2167
86 66 2182
86 67 2182
86 68 2197
86 69 2197
86 70 2211
86 71 2211
86 72 2225
86 73 2225
86 74 2238
86 75 2238
86 76 2251
86 77 2251
86 78 2263
86 79 2263
86 80 2275
86 81 2275
86 82 2286
86 83 2286
86 84 2297
86 85 2297
86 86 2307
86 87 2307
86 88 2317
86 89 2317
86 90 2326
86 91 2326
86 92 2335
86 93 2335
86 94 2343
86 95 2343
86 96 2344
86 97 2344
86 98 2351
86 99 2351
87 2 1482
87 3 1482
87 4 1507
87 5 1507
87 6 1532
87 7 1532
87 8 1557
87 9 1557
87 10 1582
87 11 1582
87 12 1607
87 13 1607
87 14 1632
87 15 1632
87 16 1657
87 17 1657
87 18 1682
87 19 1682
87 20 1707
87 21 1707
87 22 1732
87 23 1732
87 24 1757
87 25 1757
87 26 1782
87 27 1782
87 28 1807
87 29 1807
87 30 1831
87 31 1831
87 32 1855
87 33 1855
87 34 1878
87 35 1878
87 36 1901
87 37 1901
87 38 1923
87 39 1923
87 40 1945
87 41 1945
87 42 1966
87 43 1966
87 44 1987
87 45 1987
87 46 2007
87 47 2007
87 48 2027
87 49 2027
87 50 2046
87 51 2046
87 52 2065
87 53 2065
87 54 2083
87 55 2083
87 56 2101
87 57 2101
87 58 2118
87 59 2118
87 60 2135
87 61 2135
87 62 2151
87 63 2151
87 64 2167
87 65 2167
87 66 2182
87 67 2182
87 68 2197
87 69 2197
87 70 2211
87 71 2211
87 72 2225
87 73 2225
87 74 2238
87 75 2238
87 76 2251
87 77 2251
87 78 2263
87 79 2263
87 80 2275
87 81 2275
87 82 2286
87 83 2286
87 84 2297
87 85 2297
87 86 2307
87 87 2307
87 88 2317
87 89 2317
87 90 2326
87 91 2326
87 92 2335
87 93 2335
87 94 2343
87 95 2343
87 96 2358
87 97 2358
87 98 2364
87 99 2364
88 2 1531
88 3 1531
88 4 1556
88 5 1556
88 6 1581
88 7 1581
88 8 1606
88 9 1606
88 10 1631
88 11 1631
88 12 1656
88 13 1656
88 14 1681
88 15 1681
88 16 1706
88 17 1706
88 18 1731
88 19 1731
88 20 1756
88 21 1756
88 22 1781
88 23 1781
88 24 1806
88 25 1806
88 26 1830
88 27 1830
88 28 1854
88 29 1854
88 30 1877
88 31 1877
88 32 1900
88 33 1900
88 34 1922
88 35 1922
88 36 1944
88 37 1944
88 38 1965
88 39 1965
88 40 1986
88 41 1986
88 42 2006
88 43 2006
88 44 2026
88 45 2026
88 46 2045
88 47 2045
88 48 2064
88 49 2064
88 50 2082
88 51 2082
88 52 2100
88 53 2100
88 54 2117
88 55 2117
88 56 2134
88 57 2134
88 58 2150
88 59 2150
88 60 2166
88 61 2166
88 62 2181
88 63 2181
88 64 2196
88 65 2196
88 66 2210
88 67 2210
88 68 2224
88 69 2224
88 70 2237
88 71 2237
88 72 2250
88 73 2250
88 74 2262
88 75 2262
88 76 2274
88 77 2274
88 78 2285
88 79 2285
88 80 2296
88 81 2296
88 82 2306
88 83 2306
88 84 2316
88 85 2316
88 86 2325
88 87 2325
88 88 2334
88 89 2334
88 90 2342
88 91 2342
88 92 2350
88 93 2350
88 94 2357
88 95 2357
88 96 2358
88 97 2358
88 98 2364
88 99 2364
89 2 1531
89 3 1531
89 4 1556
89 5 1556
89 6 1581
89 7 1581
89 8 1606
89 9 1606
89 10 1631
89 11 1631
89 12 1656
89 13 1656
89 14 1681
89 15 1681
89 16 1706
89 17 1706
89 18 1731
89 19 1731
89 20 1756
89 21 1756
89 22 1781
89 23 1781
89 24 1806
89 25 1806
89 26 1830
89 27 1830
89 28 1854
89 29 1854
89 30 1877
89 31 1877
89 32 1900
89 33 1900
89 34 1922
89 35 1922
89 36 1944
89 37 1944
89 38 1965
89 39 1965
89 40 1986
89 41 1986
89 42 2006
89 43 2006
89 44 2026
89 45 2026
89 46 2045
89 47 2045
89 48 2064
89 49 2064
89 50 2082
89 51 2082
89 52 2100
89 53 2100
89 54 2117
89 55 2117
89 56 2134
89 57 2134
89 58 2150
89 59 2150
89 60 2166
89 61 2166
89 62 2181
89 63 2181
89 64 2196
89 65 2196
89 66 2210
89 67 2210
89 68 2224
89 69 2224
89 70 2237
89 71 2237
89 72 2250
89 73 2250
89 74 2262
89 75 2262
89 76 2274
89 77 2274
89 78 2285
89 79 2285
89 80 2296
89 81 2296
89 82 2306
89 83 2306
89 84 2316
89 85 2316
89 86 2325
89 87 2325
89 88 2334
89 89 2334
89 90 2342
89 91 2342
89 92 2350
89 93 2350
89 94 2357
89 95 2357
89 96 2370
89 97 2370
89 98 2375
89 99 2375
90 2 1580
90 3 1580
90 4 1605
90 5 1605
90 6 1630
90 7 1630
90 8 1655
90 9 1655
90 10 1680
90 11 1680
90 12 1705
90 13 1705
90 14 1730
90 15 1730
90 16 1755
90 17 1755
90 18 1780
90 19 1780
90 20 1805
90 21 1805
90 22 1829
90 23 1829
90 24 1853
90 25 1853
90 26 1876
90 27 1876
90 28 1899
90 29 1899
90 30 1921
90 31 1921
90 32 1943
90 33 1943
90 34 1964
90 35 1964
90 36 1985
90 37 1985
90 38 2005
90 39 2005
90 40 2025
90 41 2025
90 42 2044
90 43 2044
90 44 2063
90 45 2063
90 46 2081
90 47 2081
90 48 2099
90 49 2099
90 50 2116
90 51 2116
90 52 2133
90 53 2133
90 54 2149
90 55 2149
90 56 2165
90 57 2165
90 58 2180
90 59 2180
90 60 2195
90 61 2195
90 62 2209
90 63 2209
90 64 2223
90 65 2223
90 66 2236
90 67 2236
90 68 2249
90 69 2249
90 70 2261
90 71 2261
90 72 2273
90 73 2273
90 74 2284
90 75 2284
90 76 2295
90 77 2295
90 78 2305
90 79 2305
90 80 2315
90 81 2315
90 82 2324
90 83 2324
90 84 2333
90 85 2333
90 86 2341
90 87 2341
90 88 2349
90 89 2349
90 90 2356
90 91 2356
90 92 2363
90 93 2363
90 94 2369
90 95 2369
90 96 2370
90 97 2370
90 98 2375
90 99 2375
91 2 1580
91 3 1580
91 4 1605
91 5 1605
91 6 1630
91 7 1630
91 8 1655
91 9 1655
91 10 1680
91 11 1680
91 12 1705
91 13 1705
91 14 1730
91 15 1730
91 16 1755
91 17 1755
91 18 1780
91 19 1780
91 20 1805
91 21 1805
91 22 1829
91 23 1829
91 24 1853
91 25 1853
91 26 1876
91 27 1876
91 28 1899
91 29 1899
91 30 1921
91 31 1921
91 32 1943
91 33 1943
91 34 1964
91 35 1964
91 36 1985
91 37 1985
91 38 2005
91 39 2005
91 40 2025
91 41 2025
91 42 2044
91 43 2044
91 44 2063
91 45 2063
91 46 2081
91 47 2081
91 48 2099
91 49 2099
91 50 2116
91 51 2116
91 52 2133
91 53 2133
91 54 2149
91 55 2149
91 56 2165
91 57 2165
91 58 2180
91 59 2180
91 60 2195
91 61 2195
91 62 2209
91 63 2209
91 64 2223
91 65 2223
91 66 2236
91 67 2236
91 68 2249
91 69 2249
91 70 2261
91 71 2261
91 72 2273
91 73 2273
91 74 2284
91 75 2284
91 76 2295
91 77 2295
91 78 2305
91 79 2305
91 80 2315
91 81 2315
91 82 2324
91 83 2324
91 84 2333
91 85 2333
91 86 2341
91 87 2341
91 88 2349
91 89 2349
91 90 2356
91 91 2356
91 92 2363
91 93 2363
91 94 2369
91 95 2369
91 96 2380
91 97 2380
91 98 2384
91 99 2384
92 2 1629
92 3 1629
92 4 1654
92 5 1654
92 6 1679
92 7 1679
92 8 1704
92 9 1704
92 10 1729
92 11 1729
92 12 1754
92 13 1754
92 14 1779
92 15 1779
92 16 1804
92 17 1804
92 18 1828
92 19 1828
92 20 1852
92 21 1852
92 22 1875
92 23 1875
92 24 1898
92 25 1898
92 26 1920
92 27 1920
92 28 1942
92 29 1942
92 30 1963
92 31 1963
92 32 1984
92 33 1984
92 34 2004
92 35 2004
92 36 2024
92 37 2024
92 38 2043
92 39 2043
92 40 2062
92 41 2062
92 42 2080
92 43 2080
92 44 2098
92 45 2098
92 46 2115
92 47 2115
92 48 2132
92 49 2132
92 50 2148
92 51 2148
92 52 2164
92 53 2164
92 54 2179
92 55 2179
92 56 2194
92 57 2194
92 58 2208
92 59 2208
92 60 2222
92 61 2222
92 62 2235
92 63 2235
92 64 2248
92 65 2248
92 66 2260
92 67 2260
92 68 2272
92 69 2272
92 70 2283
92 71 2283
92 72 2294
92 73 2294
92 74 2304
92 75 2304
92 76 2314
92 77 2314
92 78 2323
92 79 2323
92 80 2332
92 81 2332
92 82 2340
92 83 2340
92 84 2348
92 85 2348
92 86 2355
92 87 2355
92 88 2362
92 89 2362
92 90 2368
92 91 2368
92 92 2374
92 93 2374
92 94 2379
92 95 2379
92 96 2380
92 97 2380
92 98 2384
92 99 2384
93 2 1629
93 3 1629
93 4 1654
93 5 1654
93 6 1679
93 7 1679
93 8 1704
93 9 1704
93 10 1729
93 11 1729
93 12 1754
93 13 1754
93 14 1779
93 15 1779
93 16 1804
93 17 1804
93 18 1828
93 19 1828
93 20 1852
93 21 1852
93 22 1875
93 23 1875
93 24 1898
93 25 1898
93 26 1920
93 27 1920
93 28 1942
93 29 1942
93 30 1963
93 31 1963
93 32 1984
93 33 1984
93 34 2004
93 35 2004
93 36 2024
93 37 2024
93 38 2043
93 39 2043
93 40 2062
93 41 2062
93 42 2080
93 43 2080
93 44 2098
93 45 2098
93 46 2115
93 47 2115
93 48 2132
93 49 2132
93 50 2148
93 51 2148
93 52 2164
93 53 2164
93 54 2179
93 55 2179
93 56 2194
93 57 2194
93 58 2208
93 59 2208
93 60 2222
93 61 2222
93 62 2235
93 63 2235
93 64 2248
93 65 2248
93 66 2260
93 67 2260
93 68 2272
93 69 2272
93 70 2283
93 71 2283
93 72 2294
93 73 2294
93 74 2304
93 75 2304
93 76 2314
93 77 2314
93 78 2323
93 79 2323
93 80 2332
93 81 2332
93 82 2340
93 83 2340
93 84 2348
93 85 2348
93 86 2355
93 87 2355
93 88 2362
93 89 2362
93 90 2368
93 91 2368
93 92 2374
93 93 2374
93 94 2379
93 95 2379
93 96 2388
93 97 2388
93 98 2391
93 99 2391
94 2 1678
94 3 1678
94 4 1703
94 5 1703
94 6 1728
94 7 1728
94 8 1753
94 9 1753
94 10 1778
94 11 1778
94 12 1803
94 13 1803
94 14 1827
94 15 1827
94 16 1851
94 17 1851
94 18 1874
94 19 1874
94 20 1897
94 21 1897
94 22 1919
94 23 1919
94 24 1941
94 25 1941
94 26 1962
94 27 1962
94 28 1983
94 29 1983
94 30 2003
94 31 2003
94 32 2023
94 33 2023
94 34 2042
94 35 2042
94 36 2061
94 37 2061
94 38 2079
94 39 2079
94 40 2097
94 41 2097
94 42 2114
94 43 2114
94 44 2131
94 45 2131
94 46 2147
94 47 2147
94 48 2163
94 49 2163
94 50 2178
94 51 2178
94 52 2193
94 53 2193
94 54 2207
94 55 2207
94 56 2221
94 57 2221
94 58 2234
94 59 2234
94 60 2247
94 61 2247
94 62 2259
94 63 2259
94 64 2271
94 65 2271
94 66 2282
94 67 2282
94 68 2293
94 69 2293
94 70 2303
94 71 2303
94 72 2313
94 73 2313
94 74 2322
94 75 2322
94 76 2331
94 77 2331
94 78 2339
94 79 2339
94 80 2347
94 81 2347
94 82 2354
94 83 2354
94 84 2361
94 85 2361
94 86 2367
94 87 2367
94 88 2373
94 89 2373
94 90 2378
94 91 2378
94 92 2383
94 93 2383
94 94 2387
94 95 2387
94 96 2388
94 97 2388
94 98 2391
94 99 2391
95 2 1678
95 3 1678
95 4 1703
95 5 1703
95 6 1728
95 7 1728
95 8 1753
95 9 1753
95 10 1778
95 11 1778
95 12 1803
95 13 1803
95 14 1827
95 15 1827
95 16 1851
95 17 1851
95 18 1874
95 19 1874
95 20 1897
95 21 1897
95 22 1919
95 23 1919
95 24 1941
95 25 1941
95 26 1962
95 27 1962
95 28 1983
95 29 1983
95 30 2003
95 31 2003
95 32 2023
95 33 2023
95 34 2042
95 35 2042
95 36 2061
95 37 2061
95 38 2079
95 39 2079
95 40 2097
95 41 2097
95 42 2114
95 43 2114
95 44 2131
95 45 2131
95 46 2147
95 47 2147
95 48 2163
95 49 2163
95 50 2178
95 51 2178
95 52 2193
95 53 2193
95 54 2207
95 55 2207
95 56 2221
95 57 2221
95 58 2234
95 59 2234
95 60 2247
95 61 2247
95 62 2259
95 63 2259
95 64 2271
95 65 2271
95 66 2282
95 67 2282
95 68 2293
95 69 2293
95 70 2303
95 71 2303
95 72 2313
95 73 2313
95 74 2322
95 75 2322
95 76 2331
95 77 2331
95 78 2339
95 79 2339
95 80 2347
95 81 2347
95 82 2354
95 83 2354
95 84 2361
95 85 2361
95 86 2367
95 87 2367
95 88 2373
95 89 2373
95 90 2378
95 91 2378
95 92 2383
95 93 2383
95 94 2387
95 95 2387
95 96 2394
95 97 2394
95 98 2396
95 99 2396
96 2 1727
96 3 1727
96 4 1752
96 5 1752
96 6 1777
96 7 1777
96 8 1802
96 9 1802
96 10 1826
96 11 1826
96 12 1850
96 13 1850
96 14 1873
96 15 1873
96 16 1896
96 17 1896
96 18 1918
96 19 1918
96 20 1940
96 21 1940
96 22 1961
96 23 1961
96 24 1982
96 25 1982
96 26 2002
96 27 2002
96 28 2022
96 29 2022
96 30 2041
96 31 2041
96 32 2060
96 33 2060
96 34 2078
96 35 2078
96 36 2096
96 37 2096
96 38 2113
96 39 2113
96 40 2130
96 41 2130
96 42 2146
96 43 2146
96 44 2162
96 45 2162
96 46 2177
96 47 2177
96 48 2192
96 49 2192
96 50 2206
96 51 2206
96 52 2220
96 53 2220
96 54 2233
96 55 2233
96 56 2246
96 57 2246
96 58 2258
96 59 2258
96 60 2270
96 61 2270
96 62 2281
96 63 2281
96 64 2292
96 65 2292
96 66 2302
96 67 2302
96 68 2312
96 69 2312
96 70 2321
96 71 2321
96 72 2330
96 73 2330
96 74 2338
96 75 2338
96 76 2346
96 77 2346
96 78 2353
96 79 2353
96 80 2360
96 81 2360
96 82 2366
96 83 2366
96 84 2372
96 85 2372
96 86 2377
96 87 2377
96 88 2382
96 89 2382
96 90 2386
96 91 2386
96 92 2390
96 93 2390
96 94 2393
96 95 2393
96 96 2394
96 97 2394
96 98 2396
96 99 2396
97 2 1727
97 3 1727
97 4 1752
97 5 1752
97 6 1777
97 7 1777
97 8 1802
97 9 1802
97 10 1826
97 11 1826
97 12 1850
97 13 1850
97 14 1873
97 15 1873
97 16 1896
97 17 1896
97 18 1918
97 19 1918
97 20 1940
97 21 1940
97 22 1961
97 23 1961
97 24 1982
97 25 1982
97 26 2002
97 27 2002
97 28 2022
97 29 2022
97 30 2041
97 31 2041
97 32 2060
97 33 2060
97 34 2078
97 35 2078
97 36 2096
97 37 2096
97 38 2113
97 39 2113
97 40 2130
97 41 2130
97 42 2146
97 43 2146
97 44 2162
97 45 2162
97 46 2177
97 47 2177
97 48 2192
97 49 2192
97 50 2206
97 51 2206
97 52 2220
97 53 2220
97 54 2233
97 55 2233
97 56 2246
97 57 2246
97 58 2258
97 59 2258
97 60 2270
97 61 2270
97 62 2281
97 63 2281
97 64 2292
97 65 2292
97 66 2302
97 67 2302
97 68 2312
97 69 2312
97 70 2321
97 71 2321
97 72 2330
97 73 2330
97 74 2338
97 75 2338
97 76 2346
97 77 2346
97 78 2353
97 79 2353
97 80 2360
97 81 2360
97 82 2366
97 83 2366
97 84 2372
97 85 2372
97 86 2377
97 87 2377
97 88 2382
97 89 2382
97 90 2386
97 91 2386
97 92 2390
97 93 2390
97 94 2393
97 95 2393
97 96 2398
97 97 2398
97 98 2399
97 99 2399
98 2 1776
98 3 1776
98 4 1801
98 5 1801
98 6 1825
98 7 1825
98 8 1849
98 9 1849
98 10 1872
98 11 1872
98 12 1895
98 13 1895
98 14 1917
98 15 1917
98 16 1939
98 17 1939
98 18 1960
98 19 1960
98 20 1981
98 21 1981
98 22 2001
98 23 2001
98 24 2021
98 25 2021
98 26 2040
98 27 2040
98 28 2059
98 29 2059
98 30 2077
98 31 2077
98 32 2095
98 33 2095
98 34 2112
98 35 2112
98 36 2129
98 37 2129
98 38 2145
98 39 2145
98 40 2161
98 41 2161
98 42 2176
98 43 2176
98 44 2191
98 45 2191
98 46 2205
98 47 2205
98 48 2219
98 49 2219
98 50 2232
98 51 2232
98 52 2245
98 53 2245
98 54 2257
98 55 2257
98 56 2269
98 57 2269
98 58 2280
98 59 2280
98 60 2291
98 61 2291
98 62 2301
98 63 2301
98 64 2311
98 65 2311
98 66 2320
98 67 2320
98 68 2329
98 69 2329
98 70 2337
98 71 2337
98 72 2345
98 73 2345
98 74 2352
98 75 2352
98 76 2359
98 77 2359
98 78 2365
98 79 2365
98 80 2371
98 81 2371
98 82 2376
98 83 2376
98 84 2381
98 85 2381
98 86 2385
98 87 2385
98 88 2389
98 89 2389
98 90 2392
98 91 2392
98 92 2395
98 93 2395
98 94 2397
98 95 2397
98 96 2398
98 97 2398
98 98 2399
98 99 2399
99 2 1776
99 3 1776
99 4 1801
99 5 1801
99 6 1825
99 7 1825
99 8 1849
99 9 1849
99 10 1872
99 11 1872
99 12 1895
99 13 1895
99 14 1917
99 15 1917
99 16 1939
99 17 1939
99 18 1960
99 19 1960
99 20 1981
99 21 1981
99 22 2001
99 23 2001
99 24 2021
99 25 2021
99 26 2040
99 27 2040
99 28 2059
99 29 2059
99 30 2077
99 31 2077
99 32 2095
99 33 2095
99 34 2112
99 35 2112
99 36 2129
99 37 2129
99 38 2145
99 39 2145
99 40 2161
99 41 2161
99 42 2176
99 43 2176
99 44 2191
99 45 2191
99 46 2205
99 47 2205
99 48 2219
99 49 2219
99 50 2232
99 51 2232
99 52 2245
99 53 2245
99 54 2257
99 55 2257
99 56 2269
99 57 2269
99 58 2280
99 59 2280
99 60 2291
99 61 2291
99 62 2301
99 63 2301
99 64 2311
99 65 2311
99 66 2320
99 67 2320
99 68 2329
99 69 2329
99 70 2337
99 71 2337
99 72 2345
99 73 2345
99 74 2352
99 75 2352
99 76 2359
99 77 2359
99 78 2365
99 79 2365
99 80 2371
99 81 2371
99 82 2376
99 83 2376
99 84 2381
99 85 2381
99 86 2385
99 87 2385
99 88 2389
99 89 2389
99 90 2392
99 91 2392
99 92 2395
99 93 2395
99 94 2397
99 95 2397
99 96 2400
99 97 2400
99 98 2400
99 99 2400
